23.667678993660957
25.445598002988845
23.94089801236987
23.168815998360515
23.91926001291722
23.051654046867043
41.61063296487555
24.190197000280023
24.612690962385386
25.225403951480985
24.573145958129317
25.55122401099652
25.489863008260727
24.727520998567343
25.13086498947814
24.561218975577503
24.01566394837573
24.720771005377173
46.38490598881617
23.725075996480882
42.22482501063496
23.068421985954046
21.785964956507087
22.134407015983015
25.357293023262173
22.78925199061632
23.148734006099403
23.858164029661566
23.048394010402262
23.876143037341535
23.06276001036167
22.451799013651907
22.348414990119636
23.5517579712905
23.92315200995654
23.06164102628827
24.36726202722639
23.75987498089671
22.754097008146346
22.789008973632008
26.05973102618009
24.390600970946252
49.796850013080984
21.795977954752743
24.660565017256886
24.78256297763437
22.238997975364327
23.960288963280618
44.08486996544525
23.123180959373713
22.9144649929367
23.63266295287758
25.492911983747035
22.0278850174509
48.54355100542307
22.11607003118843
22.718362975865602
21.99542394373566
23.099708021618426
23.342253000009805
22.143965994473547
21.96831803303212
24.190002004615963
21.40455599874258
22.51914096996188
23.636618978343904
24.23568698577583
25.141698017250746
26.274615025613457
24.597350973635912
29.828593018464744
28.932060988154262
56.40994099667296
25.08917497470975
23.74720200896263
24.978855974040926
25.906488008331507
24.185182992368937
44.58331799833104
23.741715005598962
48.250673979055136
25.17928701126948
53.32740902667865
24.45975801674649
26.872281974647194
25.25889902608469
49.79326803004369
27.0237359800376
26.16994600975886
26.149130950216204
25.382529944181442
24.18255596421659
46.49294400587678
23.262695991434157
24.077189969830215
24.8119659954682
24.26500798901543
27.652545017190278
26.46037400700152
26.98189701186493
24.529616988729686
27.429184003267437
49.79872499825433
25.12601501075551
24.95595096843317
26.332696026656777
23.96057895384729
25.85477300453931
25.14230605447665
26.71385300345719
43.230143026448786
24.547913984861225
25.353619013912976
23.771970998495817
27.01826300472021
25.49962099874392
22.493804979603738
25.94382595270872
46.040599001571536
24.45672801695764
25.975795986596495
25.604453985579312
28.27106899349019
25.4749070154503
28.25265401042998
25.476835027802736
49.4925850071013
23.739793978165835
42.12468594778329
26.107838028110564
24.52867600368336
24.26208002725616
44.3723329808563
23.85834598680958
26.202277978882194
24.241100007202476
49.95608504395932
28.106913960073143
43.181629036553204
23.965596978086978
24.388719990383834
24.362202966585755
51.38603301020339
25.176311028189957
46.07108701020479
28.013746021315455
44.28912600269541
27.308709046337754
46.51983000803739
24.253427982330322
23.68210395798087
24.8155280132778
29.090833035297692
23.558226006571203
47.573290998116136
27.93470601318404
50.20691500976682
26.719055022113025
25.397117948159575
27.134336007293314
27.075877005700022
27.01987000182271
49.43654697854072
24.37012700829655
41.78012098418549
26.092084008269012
21.726135979406536
24.870621971786022
44.66035694349557
25.30296501936391
46.9255440402776
25.307057017926127
46.5793979819864
24.860023986548185
26.033584028482437
26.502805994823575
23.837207001633942
25.500999006908387
25.297584012150764
25.758626987226307
26.8522470141761
29.374393983744085
24.850743007846177
25.789329956751317
45.48281797906384
25.854569976218045
25.184525991789997
24.723144015297294
23.393056995701045
25.535480002872646
23.899433959741145
25.428774009924382
25.445944047532976
21.793672000057995
43.392731982748955
27.673445991240442
49.03950000880286
22.60161400772631
25.473859976045787
27.61478297179565
23.902731016278267
26.371588988695294
43.78682799870148
25.61341895489022
42.8333300515078
23.913229000754654
44.87669002264738
22.227242006920278
25.81744804047048
24.30572296725586
24.99438403174281
24.616572016384453
23.794394044671208
23.02394900470972
25.040852022357285
25.827281991951168
48.38650702731684
24.242671963293105
45.35016400041059
23.55608402285725
23.300277011003345
23.914147983305156
52.336424007080495
26.040497003123164
24.427095020655543
24.57694197073579
45.46149697853252
24.46737396530807
50.34938704920933
26.244497974403203
24.591918976511806
25.678562989924103
22.28193503106013
24.867146043106914
25.158627016935498
26.23382699675858
45.73530697962269
24.100126000121236
23.219825990963727
23.459541029296815
43.197086022701114
22.102996008470654
45.214548998046666
23.965721018612385
45.39804096566513
26.36162901762873
25.634827034082264
23.730134998913854
25.89528902899474
25.417878001462668
24.61443899665028
24.59688001545146
45.874900999478996
23.769720981363207
42.741048033349216
25.09006002219394
44.43099600030109
24.02750594774261
45.01256300136447
25.334709032904357
49.22511801123619
23.864105984102935
27.524027973413467
25.99437697790563
23.966894950717688
24.959322006907314
23.70963298017159
24.867873988114297
25.892227014992386
24.870281980838627
51.102880970574915
23.479941999539733
24.603925994597375
25.475886010099202
23.12742901267484
21.81678602937609
30.944875034037977
24.464586982503533
23.60446797683835
26.85363095952198
43.90449798665941
25.873043981846422
48.080653010401875
27.216242044232786
42.313388956245035
23.27858901116997
24.357213987968862
23.960041988175362
24.68153100926429
23.84571498259902
22.316012997180223
24.02504999190569
50.15144299250096
23.181339958682656
45.100237999577075
24.60447500925511
45.03067198675126
25.227382022421807
24.639940995257348
26.97211498161778
22.35537499655038
25.275021034758538
26.08863200293854
23.75611604657024
49.4710499770008
21.883973036892712
25.003783986903727
27.122014027554542
24.017321993596852
23.707378015387803
49.04126201290637
25.41054697940126
25.251409970223904
22.217469988390803
27.249831007793546
22.039736970327795
23.521678987890482
24.24191596219316
44.156991003546864
25.562021997757256
50.40881998138502
28.515017998870462
43.862249003723264
23.8029399770312
45.00061401631683
22.694604995194823
43.87631901772693
24.905553029384464
24.628194980323315
24.04944197041914
24.155980965588242
26.870294997934252
49.27329998463392
28.148902987595648
22.531065973453224
28.62957603065297
24.827185028698295
23.93327304162085
25.430044974200428
23.19416799582541
26.05242299614474
26.76866401452571
47.432439983822405
23.529108031652868
22.012508008629084
26.74501802539453
25.03410802455619
24.155324033927172
23.99887901265174
22.473264951258898
27.095992991235107
24.570829002186656
41.54231899883598
27.183199010323733
42.807855003047734
24.480146006681025
49.01673400308937
27.27462101029232
52.899767993949354
24.99984303722158
24.88816500408575
23.69913802249357
24.530755006708205
23.58010900206864
24.21350101940334
25.77068196842447
43.80066500743851
25.002998998388648
23.39273499092087
24.223193002399057
43.9278680132702
24.314915004651994
24.79088999098167
25.42456000810489
26.079513016156852
24.233127012848854
25.686876964755356
25.636142992880195
22.386185999494046
28.100314957555383
43.428237026091665
23.01018196158111
50.392089993692935
23.0467320070602
25.117259996477515
23.55767198605463
45.57022301014513
25.479164032731205
48.789576976560056
25.317929044831544
25.58821497950703
26.79749805247411
26.185904978774488
23.734200047329068
25.86266997968778
26.22312301537022
23.170773987658322
24.720849993173033
23.036369995679706
22.788070957176387
26.336051989346743
24.22356203896925
23.270562989637256
24.649965984281152
65.54665300063789
23.94824498333037
45.122704992536455
22.527166991494596
24.615017988253385
24.32356000645086
25.006735988426954
23.428441025316715
25.77390003716573
26.41680504893884
24.87068303162232
23.66261399583891
44.50375400483608
23.161213961429894
46.514230023603886
24.93710198905319
52.702107990626246
25.864665978588164
24.977040011435747
25.462243007496
25.860868045128882
22.275280964095145
43.0268399650231
24.015057017095387
23.415502975694835
24.57611495628953
23.064494016580284
26.970126025844365
22.519709018524736
25.90534999035299
25.83874698029831
24.530109018087387
24.921677948441356
26.228089001961052
25.541546987369657
24.344678036868572
23.591191973537207
25.31368500785902
47.713392006698996
24.81648698449135
23.846710042562336
24.028781976085156
23.420566983986646
22.49486302025616
26.27643698360771
22.848855005577207
22.232332034036517
24.101160001009703
24.049815023317933
24.631719978060573
24.03377997688949
25.890912977047265
24.578142969403416
23.68561999173835
44.71431899582967
24.77704599732533
22.535739990416914
22.781890991609544
27.273437997791916
24.296017014421523
23.532245017122477
24.552871997002512
24.479130981490016
24.83484602998942
45.099456037860364
28.673698019701988
42.60458599310368
22.95641804812476
49.04015100328252
25.32407402759418
42.43443795712665
26.438101020175964
24.299516051542014
25.260837050154805
25.934702018275857
23.54684699093923
44.519704999402165
25.355108024086803
48.5068199923262
26.712935999967158
43.73706900514662
23.20136100752279
23.96449795924127
24.60000797873363
25.254661042708904
23.731674009468406
45.55820900714025
25.891472992952913
25.97931300988421
23.424017010256648
22.972566017415375
23.42022303491831
27.489184984005988
27.52224000869319
22.08297501783818
23.99101498303935
48.6488490132615
26.284946012310684
24.206837988458574
27.949962997809052
22.75561698479578
24.45170097053051
23.919722996652126
25.86313901701942
48.320467001758516
26.6118620056659
22.28353201644495
25.503310025669634
43.10240194899961
24.060243973508477
49.096966977231205
22.58778503164649
24.135973013471812
23.780968971550465
43.55477704666555
25.371770025230944
49.942951009143144
27.595398016273975
43.52548700990155
26.39658801490441
22.815672971773893
23.329101037234068
26.169441000092775
26.113678992260247
26.55966900056228
25.028645992279053
24.076227971818298
25.087863963562995
43.521983025129884
26.436354033648968
23.978649987839162
24.580229015555233
25.9960750117898
24.044646008405834
41.742338973563164
24.28427804261446
25.904893991537392
25.87628795299679
52.15067300014198
24.33684200514108
43.811367999296635
23.854204977396876
41.194211051333696
25.047808012459427
48.41191601008177
23.24616303667426
25.39587701903656
25.163883983623236
44.102813000790775
27.816021000035107
24.79870500974357
25.21314803743735
23.50246795685962
27.082130021881312
48.829985957127064
23.664181004278362
25.921254011336714
23.63158401567489
23.403396015055478
23.759700008668005
24.150709039531648
23.930427967570722
23.86643399950117
22.899767966009676
24.784798035398126
21.614030993077904
50.24056899128482
27.15600497322157
