49.21084399393294
49.061577999964356
49.0331420005532
49.1062380024232
49.14056199777406
48.997719000908546
48.99777099490166
48.94748199149035
49.91438701108564
49.23066499759443
51.74872399948072
49.403940996853635
49.619708996033296
49.689291990944184
49.72323699621484
49.48734800564125
49.526725997566245
49.5664170011878
49.59643799520563
49.62595200049691
49.498041000333615
49.615111987804994
49.37470000004396
49.30872599652503
49.54551300033927
49.51142599747982
49.5733200077666
49.439562993939035
49.35177801235113
49.35502899752464
49.62085100123659
49.57577299501281
49.49563700938597
49.62580298888497
49.59515000518877
49.39096100861207
49.458820998552255
49.33648700534832
49.44502799480688
49.5931329933228
49.64657699747477
49.53394200128969
49.78520699660294
49.49281399603933
49.44066400639713
49.45696199138183
49.47437699593138
49.2637479910627
49.548369002877735
49.55702100414783
49.49786901124753
49.57589200057555
49.77783501090016
49.561293999431655
49.59426200366579
49.636499999905936
49.66152999259066
49.88507700909395
49.4763349997811
49.65570398780983
49.64256098901387
49.55028399126604
49.79922699567396
49.286838999250904
49.49063299864065
49.634818991762586
49.70259001129307
49.858163998578675
49.59361400688067
49.623074010014534
49.55778899602592
49.52008598775137
49.35442299756687
49.52247800247278
49.502808004035614
49.65495401120279
49.58954099856783
49.40201299905311
49.58159998932388
49.48685000999831
49.559872000827454
49.56000699894503
49.766629992518574
49.49400000623427
49.622614998952486
49.60270199808292
49.67612700420432
49.606672997470014
49.420747003750876
49.55519700888544
49.64928199478891
49.57975300203543
49.49279499123804
49.643709004158154
49.59580299328081
49.57098700106144
49.21699399710633
49.19046700524632
49.55080500803888
49.61512700538151
49.43426500540227
49.49658899568021
49.436647997936234
49.546718000783585
49.60285899869632
49.59602600138169
49.54749200260267
49.642548998235725
49.67769699578639
49.58459400222637
49.59765500098001
49.50720399210695
49.62641198653728
49.5107500028098
49.596223994740285
49.64764800388366
49.61476000607945
49.55548599536996
49.52299200522248
49.48063001211267
49.6086539933458
49.658871997962706
49.449137004558
49.59620400040876
49.585398999624886
49.595176009461284
49.5650100056082
49.5837880007457
49.636686002486385
49.63044800388161
49.49287700583227
49.550583004020154
49.67784500331618
49.284382999758236
49.24335400573909
49.68654400727246
49.5637279964285
49.78117700375151
49.66049999347888
49.5605850010179
49.226900009671226
49.60828500043135
49.72563999763224
49.606928005232476
49.70162099925801
49.53606300114188
49.659138996503316
49.44042600982357
49.56755699822679
49.51325000729412
49.56641199532896
49.61707000620663
49.628858992946334
49.56656199647114
49.577262994716875
49.58459899353329
49.606575004872866
49.60899399884511
49.54314800852444
49.540804990101606
49.66611099371221
49.447237004642375
49.533750003320165
49.585607994231395
49.2424850090174
49.48857400449924
49.51581300701946
49.64623799605761
49.41984100150876
49.49342500185594
49.576282006455585
49.585767003009096
49.71390399441589
49.63402599969413
49.579002006794326
49.48361399874557
49.54614699818194
49.5808170089731
49.50253300194163
49.51280100794975
49.6392269997159
49.55132299801335
49.552597003639676
49.55093799799215
49.53484999714419
49.50776099576615
49.47873299533967
49.5311349950498
49.58454599545803
49.56080799456686
49.52978799701668
49.60555299476255
49.60144900542218
49.20080800366122
49.50262900092639
49.45085399958771
49.50112500227988
49.50071399798617
49.41668099490926
49.49525800475385
49.37248499481939
49.600074999034405
49.56656300055329
49.631002999376506
49.46934799954761
49.50573600945063
49.47004999849014
49.63961000612471
49.619686004007235
49.50390598969534
49.35431000194512
49.2963689903263
49.66531100217253
49.54372100473847
49.47640698810574
49.579251994146034
49.57985300279688
49.57621099310927
49.56894899078179
49.57293000188656
49.38131901144516
49.51468898798339
49.4890400004806
49.47283100045752
49.54258300131187
49.69413799699396
49.48578200128395
49.52847798995208
49.59044500719756
49.55367500951979
49.55252900253981
49.58455599262379
49.50608299986925
49.485736002679914
49.49570600001607
49.5172810042277
49.46719300642144
49.61369599914178
49.56667800433934
49.536787992110476
49.55977598729078
49.61626199656166
49.44117400737014
49.51632699521724
56.75770700327121
49.33925699151587
49.601901991991326
49.39943201316055
49.55958999926224
49.59833199973218
49.52439799671993
49.544670997420326
49.6877430123277
49.63681899243966
49.62862499814946
49.62079299730249
49.58678700495511
49.091225999291055
49.48918501031585
49.52341999160126
49.580154998693615
49.59405200497713
49.50102200382389
49.5388039998943
49.5650059892796
49.59011799655855
49.6057130076224
49.587518005864695
49.52473800221924
49.55448000691831
49.62191099184565
48.92095399554819
49.46897800255101
49.589508009376004
49.5579000125872
49.24296500394121
49.499057000502944
49.47168499347754
49.494616003357805
49.51933099073358
49.388593004550785
49.48796899407171
49.599931997363456
49.517874998855405
49.52620899712201
49.70062900974881
49.24984999524895
49.62726900703274
49.54024999460671
49.47981599252671
49.57711600582115
49.523334004334174
49.56685600336641
49.511008997797035
49.57439500140026
49.273482989519835
49.50487200403586
49.406507998355664
49.54407700279262
49.50931000348646
49.29105298651848
49.514829996041954
49.54874899704009
49.58906499086879
49.209488002816215
49.61304600874428
49.50312200526241
49.52751200471539
49.525064998306334
49.56687799131032
49.379685005987994
49.49814699648414
49.617646989645436
49.61067000112962
49.203478993149474
49.438731992268
49.489273005747236
49.21279600239359
49.63276600756217
49.56441400281619
49.71614699752536
49.23696900368668
49.39279799873475
49.259614999755286
49.5662729954347
49.57300299429335
49.59766200045124
49.600639002164826
49.59390500152949
49.59219000011217
49.34257401328068
49.59833700559102
49.61579499649815
49.56927501189057
49.55727299966384
49.28263400506694
49.53159700380638
49.54245800036006
49.39705699507613
49.53153300448321
49.49727100029122
49.66908298956696
49.581649000174366
49.49793199193664
49.343124992446974
49.60249099531211
49.24923300859518
49.50300398922991
49.56370301079005
49.51754500507377
49.304626998491585
49.56805700203404
49.55061701184604
49.58690000057686
49.672264998662286
49.43203600123525
49.620898003922775
49.56209901138209
49.649841006612405
49.47436600923538
49.591599992709234
49.53947999456432
49.513902005855925
49.5701320032822
49.62936999800149
49.5802859950345
49.631230998784304
49.58144600095693
49.146904013468884
49.59140399296302
49.41410099854693
49.57874600950163
49.45090199180413
49.64278600527905
49.538639999809675
49.64944999665022
49.58763800095767
49.61924999952316
49.632598005700856
49.587740999413654
49.43122700206004
49.55972300376743
49.565312001504935
49.57459199067671
49.54602400539443
49.25379301130306
49.40816499583889
49.51905600319151
49.52266400505323
49.550390991498716
49.41628300002776
49.53591199591756
49.59234601119533
49.68204000033438
49.57365000154823
49.55820899340324
49.56056700029876
49.38059800770134
49.471296995761804
49.555192003026605
49.60639800992794
49.58805500064045
49.5427129935706
49.47907500900328
49.53002100228332
49.57778999232687
49.56473200581968
49.53788800048642
49.35111600207165
49.414570996304974
49.52931399748195
49.469640012830496
49.29475199605804
49.52519699872937
49.693712004227564
49.32059500424657
49.588140987907536
49.75137299334165
49.54021600133274
49.73565900581889
49.52790901006665
49.68275499413721
49.447944009443745
49.52889199194033
50.21201999625191
49.561820007511415
49.23097899882123
49.31882598611992
49.41077700641472
49.567580994335
49.56410599697847
49.53926500456873
48.94125199643895
49.35394499625545
49.64809800731018
49.19041000539437
49.51049599912949
49.22050800814759
49.30631899333093
49.27516600582749
49.42924100032542
49.36126299435273
50.56444900401402
49.46884598757606
49.5140950079076
49.31596199457999
49.55780399905052
49.39571800059639
