40.98269302630797
22.448697010986507
26.206251000985503
23.92952097579837
23.84629601147026
25.070397998206317
21.66126505471766
21.062557003460824
20.662488997913897
20.404156006406993
20.181334984954447
20.503412000834942
20.400293986313045
20.348999009002
20.65376896644011
20.494971016887575
20.365404023323208
20.509880036115646
20.36410302389413
20.346114004496485
20.456209022086114
20.311000000219792
20.22567397216335
20.421380002517253
20.142121007665992
20.302300981711596
20.27122996514663
20.30949597246945
20.32233600039035
20.448282011784613
20.122674002777785
20.310088992118835
20.455121994018555
20.363271003589034
20.14451799914241
20.563490979839116
20.233937015291303
20.32316999975592
20.474750024732202
20.44024399947375
20.30345896491781
20.357438013888896
20.426061004400253
20.31579101458192
20.460920000914484
20.26063302764669
20.476720004808158
20.450458046980202
20.521352998912334
20.481878018472344
20.475135010201484
20.376130007207394
20.405653049238026
20.49908705521375
20.275714981835335
20.263817976228893
20.433979982044548
20.214557007420808
20.32547100679949
20.356696972157806
20.270614011678845
20.193720003589988
20.392341015394777
20.35567699931562
20.449716015718877
20.449972013011575
20.483370986767113
20.357299013994634
20.476548990700394
20.408396027050912
20.29644401045516
20.45763796195388
20.35324601456523
20.425137015990913
20.925500022713095
20.35992598393932
20.47066797968
20.371801976580173
20.534308976493776
20.21182095631957
20.47700696857646
20.483343047089875
20.256322983186692
20.517163968179375
20.361575996503234
20.37802297854796
20.700450986623764
20.408545969985425
20.334721019025892
20.703404035884887
20.318700990173966
20.480880979448557
20.76989394845441
20.439771993551403
20.312862005084753
20.420462009496987
20.264536957256496
20.40735603077337
20.43396804947406
20.27721900958568
20.373940002173185
20.657490997109562
20.45355597510934
20.510559028480202
20.3963479725644
20.43487597256899
25.087065005209297
20.42026398703456
20.408593001775444
20.306796999648213
20.674739964306355
20.1595569960773
20.274017995689064
20.44513198779896
20.47331299399957
20.28281695675105
20.378273038659245
20.397090003825724
20.3616910148412
20.418630971107632
20.367303979583085
20.293689041864127
20.503065024968237
20.32943000085652
20.40353399934247
20.44836198911071
20.388376957271248
20.279558026231825
20.516489981673658
20.33096505329013
20.334021013695747
20.492392010055482
20.236806012690067
20.1887339935638
20.523302955552936
20.363410003483295
20.28565196087584
20.501588995102793
23.058302991557866
23.059954051859677
23.141086974646896
22.965826035942882
22.888036037329584
23.047050985042006
22.941111004911363
22.997135005425662
20.54537396179512
20.257498021237552
20.34227194963023
20.81346802879125
20.513758005108684
20.353121974039823
23.90584396198392
22.93787698727101
20.31304396223277
20.539188000839204
20.29623498674482
20.257455005776137
20.371728984173387
20.24857298238203
20.311379979830235
20.401094981934875
20.253569004125893
20.24502499261871
20.613689033780247
20.372210012283176
20.373084000311792
20.394221995957196
20.40395699441433
20.22821200080216
20.64400998642668
20.20701696164906
20.351807994302362
20.411937031894922
20.35598998190835
20.215141004882753
20.582042983733118
20.305301004555076
20.32012300333008
20.43148595839739
20.298263989388943
20.27584402821958
20.465925976168364
20.365923002827913
20.493285031989217
20.387111988384277
20.35737200640142
20.317636022809893
20.423384034074843
20.25652298470959
20.34315001219511
20.632023049984127
20.32918599434197
20.28637402690947
20.66720399307087
20.352105027996004
20.3458970063366
20.495222008321434
20.339164009783417
20.311236032284796
20.569744985550642
20.366571028716862
20.37518098950386
20.61311004217714
20.34267398994416
20.528246008325368
20.633135980460793
20.270244975108653
20.24980296846479
20.485805987846106
20.206941990181804
20.304488018155098
20.606938051059842
20.427379989996552
20.321422023698688
20.595511014107615
20.29698801925406
20.199982973281294
20.50844201585278
20.31595801236108
20.344162010587752
20.545120001770556
20.287510007619858
20.261191995814443
20.649809972383082
20.30286903027445
20.354109990876168
20.463649998418987
20.3224639990367
20.266320032533258
20.447669026907533
20.24975698441267
20.375763007905334
20.50109999254346
20.473572018090636
20.359568006824702
20.490523020271212
20.371103018987924
20.312818000093102
20.473807002417743
20.333669963292778
20.28876100666821
20.472218981012702
20.34901099978015
20.366813987493515
20.512231974862516
20.33594500971958
20.2956129796803
20.46725503169
20.360189024358988
20.338427973911166
20.568281004671007
20.332695043180138
20.36340703489259
20.608114020433277
20.190903975162655
20.26042400393635
20.41602600365877
20.295321999583393
20.235640986356884
20.386414020322263
20.240961981471628
20.307225990109146
20.566787046846002
20.511384995188564
20.232282986398786
20.393137994688004
21.716385963372886
20.24836902273819
20.566029008477926
20.205302978865802
20.198924001306295
20.544687984511256
20.24970599450171
20.371937018353492
20.472492033150047
20.450648968108
20.329190010670573
20.68652299931273
20.30967897735536
20.230125985108316
20.633072999771684
20.33916098298505
20.505363994743675
20.4415789921768
20.236526033841074
20.332545042037964
20.463604014366865
23.00749602727592
20.353724947199225
20.62093501444906
20.292873959988356
20.50130203133449
20.463155990000814
20.358659035991877
20.337171969003975
20.55841701803729
20.315716974437237
20.52951301448047
20.683501032181084
20.338580943644047
20.455688005313277
20.624040043912828
23.032884986605495
22.883030003868043
23.073668009601533
22.967657016124576
22.966391989029944
23.132730973884463
22.954187996219844
22.965893032960594
23.157098039519042
22.921350959222764
23.107116983737797
20.521550031844527
20.28850995702669
20.329954975750297
20.57175600202754
20.335440000053495
20.315039029810578
20.41596797062084
20.422555971890688
20.473201002459973
20.689031982328743
20.334750006441027
20.422842004336417
20.57073201285675
20.428049028851092
20.353957021143287
20.55700699565932
20.288821018766612
20.302180026192218
20.346669014543295
20.36610699724406
20.229702990036458
20.56087297387421
20.2214689925313
20.415152015630156
20.46285994583741
20.430093980394304
20.267394022084773
20.413100020959973
20.202640036586672
20.327545003965497
20.441191969439387
20.26041701901704
20.401421992573887
23.074489959981292
22.90488500148058
22.888756007887423
23.058708000462502
22.899710980709642
22.971662983763963
23.125589999835938
22.925521014258265
22.87727897055447
23.097364988643676
22.997429012320936
23.01635197363794
23.116710013709962
22.80283602885902
20.35167597932741
20.50967002287507
20.321334013715386
20.348534046206623
20.455393008887768
20.214771036989987
20.326349011156708
20.440869964659214
20.365339994896203
20.38178703514859
20.494823984336108
23.010774981230497
23.0131889693439
20.427527953870595
20.274606009479612
20.264204998966306
20.324375946074724
20.439026004169136
20.38100699428469
20.5939449951984
20.167340990155935
20.224214007612318
20.510711998213083
20.370376005303115
20.459540013689548
20.291224005632102
20.464155008085072
20.337921974714845
20.573852001689374
20.23394498974085
20.31662402441725
20.448677008971572
20.295230962801725
20.338862028438598
20.33495402429253
20.179301965981722
20.1918039820157
20.41296398965642
20.200281986035407
20.289068983402103
20.31375397928059
20.2765500289388
20.217222976498306
20.46295499894768
20.176557009108365
20.308381994254887
20.33980400301516
20.282133016735315
20.28837101534009
20.634373009670526
20.354901032987982
20.353823027107865
20.333228982053697
20.356741035357118
20.24830295704305
20.371872989926487
20.340707036666572
20.25149599649012
20.429803000297397
20.209743990562856
20.295310008805245
20.33130603376776
20.218782010488212
20.294201967772096
20.3350119991228
20.28444205643609
20.262357022147626
20.50817501731217
20.26124100666493
20.33304498763755
20.419584994670004
20.335299021098763
22.908598999492824
23.14487798139453
20.245921972673386
20.281429053284228
20.5582799972035
20.389318000525236
20.3427110100165
23.124029976315796
20.40536201093346
20.310685969889164
20.484550041146576
20.33787895925343
20.326796977315098
20.615647023078054
20.448057970497757
20.286536018829793
20.712999044917524
20.483481988776475
20.319781033322215
20.538372977171093
20.317981019616127
20.300386007875204
20.670646976213902
20.419173000846058
20.46684001106769
20.416363957338035
20.292978966608644
20.41484002256766
20.598146016709507
20.234349998645484
20.327633945271373
20.480448030866683
20.281222998164594
20.304084988310933
20.460441010072827
20.319611998274922
20.241458027157933
20.53722197888419
20.35358001012355
20.3782320022583
20.478074031416327
20.279884978663176
20.468342991080135
20.642169984057546
20.274857990443707
20.299467025324702
20.597016031388193
20.351386978290975
20.32338100252673
20.449384988751262
20.312480977736413
20.37477196427062
20.44919802574441
20.2666679979302
20.316543988883495
20.469493989367038
20.424541959073395
20.513726980425417
20.637476991396397
20.279406977351755
20.334101049229503
20.433539990335703
20.169037976302207
20.3173789777793
20.31893900129944
20.46515903202817
20.252307993359864
20.617600006517023
20.16740496037528
