25.607036019209772
14.099734020419419
13.74459097860381
13.708870974369347
16.408096998929977
17.024789995048195
19.328968017362058
14.651394041720778
16.21438702568412
17.032374045811594
21.42980700591579
17.74372300133109
17.328399000689387
15.527003968600184
16.394229023717344
18.653745006304234
18.059130001347512
14.787788037210703
16.09172101598233
14.168795954901725
14.868878992274404
13.653542031534016
13.687953003682196
14.470428985077888
13.878130994271487
13.867977017071098
13.668055995367467
13.778830005321652
13.807734998408705
13.906211010180414
13.835679041221738
13.733009051065892
13.849636015947908
13.939561031293124
13.828294002451003
13.959378004074097
13.970902014989406
13.929800014011562
13.6998450034298
13.96913401549682
13.987458019983023
13.975538953673095
13.782051973976195
13.806274975650012
13.87003401760012
13.944297970738262
13.793096994049847
13.741627975832671
14.008742989972234
13.971164997201413
13.774704013485461
13.792916026432067
13.856675010174513
13.971350039355457
13.964824029244483
14.112541044596583
13.75424803700298
13.709866034332663
13.838195998687297
13.944735983386636
14.147131005302072
14.050238009076566
13.974562985822558
14.154007018078119
14.02695698197931
13.789691962301731
13.955098984297365
14.21834499342367
13.828523980919272
14.293903019279242
14.431684045121074
14.147614012472332
17.140706011559814
14.389656018465757
15.79454296734184
14.864925004076213
13.882614963222295
13.658910989761353
14.088044001255184
13.935132999904454
13.917098985984921
14.217808027751744
14.008814003318548
13.931791007053107
13.733725994825363
13.989516999572515
13.977302995044738
13.811754994094372
13.928733009379357
14.149799011647701
14.184993982780725
14.04026901582256
14.000894967466593
14.218310010619462
13.910948007833213
14.001142990309745
13.7511040084064
14.22615599585697
14.00897599523887
13.752440980169922
13.634793984238058
14.084997994359583
13.900778023526073
13.845545006915927
14.147982001304626
14.163259998895228
14.032456034328789
13.916673953644931
13.790328986942768
13.951279979664832
13.90681997872889
14.013973996043205
13.618017022963613
13.896008022129536
13.912444992456585
13.857915997505188
13.783715025056154
14.130882045719773
14.106168993748724
14.153304975479841
14.101597014814615
14.161608996801078
13.929946988355368
13.831792050041258
13.71786103118211
14.323113020509481
13.966963975690305
13.895595038775355
13.75432696659118
13.863654050510377
13.925142993684858
14.280604023952037
13.85277701774612
13.674120011273772
13.862514984793961
14.093325997237116
13.646532024722546
13.691055995877832
13.995275949127972
14.459472033195198
14.011931954883039
13.763326976913959
13.873944990336895
14.36162699246779
13.926195038948208
13.784956012386829
13.898907986003906
14.12008999614045
13.765969022642821
13.849496957845986
14.09185299417004
14.05769499251619
13.865175016690046
14.258346986025572
14.303815958555788
16.629936988465488
16.608299978543073
16.634883999358863
19.57336801569909
16.66922599542886
16.494322975631803
16.782374994363636
17.32858596369624
13.813871017191559
13.803312962409109
13.951845990959555
13.747507007792592
13.975779002066702
14.098302985075861
14.041941030882299
13.922632031608373
13.805338996462524
13.747841003350914
14.280567993409932
14.210721012204885
14.101738983299583
13.998446986079216
14.21226403908804
14.171964023262262
14.451362018007785
14.15851601632312
13.998557988088578
14.211328001692891
14.009347010869533
14.166620967444032
14.027123979758471
14.081739995162934
13.859462982509285
13.752830040175468
14.105834998190403
13.992482039611787
13.919268967583776
14.264060009736568
13.974407978821546
13.785973947960883
13.886055967304856
13.881758961360902
13.985689030960202
14.042821014299989
13.989561994094402
13.99521401617676
14.257843024097383
13.839847000781447
14.123388973530382
17.015627003274858
14.089106989558786
13.885676977224648
13.851052965037525
14.139520993921906
14.051550009753555
13.988943013828248
14.105980983003974
13.951090979389846
14.10363899776712
13.94885202171281
13.899364974349737
13.873071991838515
14.117093989625573
14.026002958416939
13.919306977186352
14.068085001781583
14.132554992102087
14.184097992256284
13.836305006407201
13.754610030446202
14.011282997671515
13.857548998203129
13.907365035265684
14.044230978470296
14.033597020898014
13.98584304843098
14.141842955723405
13.980682007968426
14.260055031627417
14.231466979254037
14.069347002077848
13.826537993736565
14.224261976778507
14.01922304648906
14.36265098163858
14.024856965988874
14.242896984796971
14.379387022927403
14.026994002051651
13.886598986573517
14.218110009096563
13.966236030682921
13.953624991700053
13.801184017211199
14.042844995856285
14.025226992089301
14.190580986905843
13.803352019749582
14.004900003783405
13.999536982737482
14.102312037721276
13.970942003652453
14.198011020198464
14.00673296302557
14.096411992795765
13.762644026428461
14.21255903551355
13.911953021306545
14.03382100397721
13.82702001137659
14.265819976571947
13.836854021064937
13.724306016229093
13.99439194938168
14.02368297567591
13.886412023566663
14.07046295935288
13.67155701154843
14.044764975551516
13.883423991501331
13.872966985218227
14.084045018535107
14.230941014830023
14.044073992408812
13.844246976077557
13.881681952625513
14.02749598491937
13.987045967951417
13.850447023287416
13.735330023337156
13.996488007251173
13.8506040093489
14.07928200205788
14.081620960496366
14.209929970093071
14.053600025363266
14.052192971576005
13.922627957072109
14.018955989740789
13.82963894866407
13.986290956381708
13.84891098132357
14.075500948820263
13.97477398859337
13.924939965363592
14.039442990906537
14.213436050340533
14.0778329805471
13.991890999022871
16.67538203764707
13.99845298146829
14.020560018252581
13.985547004267573
13.801382970996201
13.972357963211834
13.860505016054958
14.095121005084366
13.73802003217861
14.336877968162298
13.99124599993229
13.783714966848493
13.768715027254075
13.904199993703514
13.944780977908522
13.971246953587979
13.795236009173095
14.170118956826627
14.143880980554968
13.926384039223194
13.850314018782228
14.043163042515516
16.68131200131029
16.421106993220747
16.397227998822927
16.627796983812004
19.377001037355512
16.697975050192326
16.38415496563539
16.68302301550284
19.411196000874043
16.585727978963405
16.453833028208464
16.694405989255756
19.498573965393007
16.718137951102108
16.451436968054622
16.777055978309363
19.554195052478462
16.58073696307838
16.41948998440057
16.735749028157443
14.667281997390091
14.144396991468966
13.891783019062132
14.237909053917974
14.181782025843859
13.998807989992201
13.904844003263861
13.942964957095683
13.965099002234638
13.791692967060953
13.695195026230067
13.94102704944089
14.005076023750007
13.897718978114426
13.97872797679156
14.009561040438712
13.922892045229673
13.833421980962157
13.695631991140544
14.212201989721507
14.164741965942085
13.789299002382904
13.74629302881658
13.93903698772192
14.053224993404001
13.83774500573054
13.846829999238253
13.89305101474747
13.949187996331602
13.783821021206677
13.718887988943607
13.94908403744921
14.216059993486851
13.832197000738233
13.838487968314439
14.171480026561767
13.97126103984192
13.784312002826482
13.980433985125273
14.201428042724729
14.172733994200826
13.8423329917714
13.766065007075667
14.317171997390687
14.039144036360085
13.849326991476119
13.791689998470247
14.00863699382171
13.96839797962457
13.95782403415069
13.82333697983995
14.032819017302245
13.970315048936754
13.8818200211972
13.76816799165681
13.994368026033044
13.942993013188243
14.122534019406885
13.961591990664601
14.037163986358792
14.158712001517415
14.09675000468269
13.87519302079454
14.117627986706793
14.14565701270476
14.090206008404493
13.97113100392744
14.210186956916004
14.159635989926755
13.817845960147679
13.733090949244797
14.047257020138204
14.135024975985289
13.95757298450917
13.9028099947609
13.902772043365985
14.010707032866776
13.842804997693747
13.775925966911018
14.012677012942731
13.993268017657101
13.701303978450596
13.789331016596407
13.926198007538915
13.831563002895564
14.2693140078336
13.959526957478374
14.255816990043968
14.180158963426948
13.968652987387031
13.894908013753593
14.20066598802805
14.119097031652927
13.839759049005806
13.7965630274266
13.892179005779326
13.95698997657746
13.833500037435442
13.838901999406517
13.938658987171948
14.114594960119575
13.961195014417171
13.914863986428827
14.144148968625814
14.155328972265124
13.99560400750488
13.938282965682447
13.936219038441777
13.892942981328815
13.937295007053763
13.767688011284918
14.088302967138588
13.893669005483389
13.803108013235033
13.68971704505384
13.92344298074022
13.932913017924875
13.721023977268487
13.746723008807749
13.854301010724157
13.879752019420266
13.824782974552363
13.742641953285784
13.961102988105267
13.961602002382278
13.93765996908769
13.913517002947628
13.898136036004871
13.916392985265702
13.772874022834003
13.64571403246373
13.859457976650447
14.071170007809997
14.124326989986002
13.951141969300807
13.947109982836992
13.89338995795697
13.783650007098913
13.865925022400916
13.897933007683605
13.9361810288392
13.790069031529129
14.04856302542612
14.141418971121311
14.076942985411733
14.108470000792295
13.78813904011622
14.127450005616993
13.950350985396653
13.74437299091369
13.689525017980486
14.152815972920507
13.894108997192234
14.00264399126172
13.934025017078966
14.11638199351728
14.186247950419784
14.105999027378857
13.963462959509343
14.267502003349364
14.162518957164139
13.780750974547118
13.780232053250074
14.077011961489916
14.009597012773156
14.011301973368973
13.75057699624449
14.016539964359254
13.82083201315254
21.51453000260517
14.277439971920103
14.2710319487378
13.896265998482704
14.346450043376535
13.952259963843971
14.0246840310283
14.045662013813853
14.065235038287938
14.151121024042368
14.071215002331883
14.029983023647219
14.191165973898023
14.01124894618988
14.286941033788025
14.01385897770524
14.08335502492264
13.950559950899333
14.181248028762639
14.204254024662077
14.048889046534896
13.935266004409641
14.216532988939434
13.810925011057407
14.293040963821113
14.064696966670454
14.217570016626269
13.983980985358357
13.924076978582889
13.87437799712643
14.028581033926457
14.00737400399521
13.880543992854655
13.877655961550772
14.013140986207873
16.69505098834634
16.617158020380884
16.46652998169884
16.71108399750665
19.354108022525907
16.514908988028765
16.25426101963967
16.646655974909663
19.561879977118224
16.5045169997029
16.321879986207932
16.72052900539711
19.40300001297146
16.999795974697918
16.580466995947063
16.275367990601808
14.17150697670877
14.019307971466333
14.025946031324565
13.638795993756503
13.926081010140479
14.130954979918897
13.717854977585375
13.629900000523776
13.832829019520432
14.17316502192989
13.877875986509025
13.8052609981969
13.889702036976814
14.05778102343902
13.773002021480352
13.669959967955947
13.891966023948044
14.044207986444235
13.814499019645154
13.927204010542482
14.112984004896134
14.135845995042473
14.086664014030248
13.976847985759377
14.05796903418377
13.69077799608931
14.058735047001392
14.00093495612964
14.148640970233828
13.849476003088057
13.962349970825016
14.144551008939743
14.080594992265105
14.19716700911522
13.956105976831168
14.079274027608335
13.931830995716155
14.00516799185425
13.905785977840424
13.949723972473294
13.928093016147614
13.86400597402826
13.8849169597961
14.02352302102372
13.758916989900172
14.067484007682651
14.02675302233547
13.955081056337804
14.165342028718442
20.94640996074304
13.653422996867448
13.926175946835428
13.984231045469642
14.14822303922847
13.919856981374323
13.840914994943887
13.965830963570625
13.914187962654978
13.79284099675715
14.045232033822685
13.771480007562786
13.726063014473766
13.880245969630778
13.952664972748607
13.849429960828274
14.347536955028772
13.85435601696372
14.250102976802737
13.79974203882739
13.867600995581597
13.999741000588983
13.897380966227502
14.219293021596968
13.968670973554254
13.873393996618688
14.271291031036526
13.982516014948487
14.083785994444042
13.938268006313592
14.068502001464367
13.971212960314006
14.19886399526149
13.870891008991748
14.080708962865174
13.992619991768152
14.118400984443724
13.716246001422405
14.038036984857172
13.98479996714741
13.965118967462331
13.74796498566866
14.05275397701189
14.005503966473043
13.937506009824574
13.945174985565245
14.06561303883791
14.03417601250112
13.959777017589658
13.680809002835304
13.909765053540468
13.906157051678747
13.801155029796064
13.760634989012033
14.010199985932559
13.953383022453636
13.904317980632186
13.866526016499847
13.992079999297857
13.957401970401406
13.820506981573999
13.69624596554786
14.033861982170492
14.04937298502773
13.939222029875964
13.778368011116982
14.296924055088311
17.992031993344426
14.637654006946832
13.868013978935778
14.063555980101228
14.03060497250408
13.898708974011242
13.825607020407915
14.124883979093283
14.805012964643538
14.269671984948218
13.98919295752421
14.24658898031339
14.074481034185737
16.962638997938484
17.60262600146234
14.391969016287476
14.250168984290212
14.134468976408243
13.803902955260128
14.240597956813872
14.216701965779066
14.71594802569598
14.17855400359258
14.17519903043285
13.945450016763061
13.923584017902613
13.963358011096716
17.139286966994405
19.302798027638346
14.261959993746132
13.986628968268633
13.941714016254991
13.916630006860942
14.021879993379116
13.738521025516093
14.160086051560938
14.109049981925637
13.968597981147468
13.79424100741744
14.164707972668111
13.888371002394706
13.99618003051728
13.922470971010625
13.982223987113684
14.130592986475676
13.763123017270118
13.70100601343438
13.928438012953848
13.936920964624733
14.16053797584027
13.724304037168622
13.897755008656532
13.925784965977073
13.769654964562505
13.595704978797585
13.922322017606348
13.937960029579699
13.92675400711596
13.708251994103193
14.007702004164457
14.131371979601681
14.1410690266639
13.979796029161662
14.20756202423945
14.100434025749564
13.715211011003703
13.644487014971673
13.92319198930636
13.91284802230075
14.013413980137557
13.879695965442806
14.116932987235487
14.173610950820148
13.891169975977391
13.788073032628745
13.968340994324535
13.922437967266887
14.044037030544132
13.927736959885806
14.143086038529873
14.123107015620917
13.737736968323588
13.906562002375722
13.88326199958101
13.918867043685168
13.822352979332209
13.73802695889026
13.915896008256823
14.28049203241244
13.940568023826927
13.699571951292455
13.89527099672705
14.056794985663146
13.827963033691049
14.056903019081801
14.172412978950888
14.226827013771981
13.929530046880245
13.926028972491622
13.885812018997967
14.226747036445886
13.971858017612249
13.685221027117223
14.096890983637422
14.07604297855869
13.919324963353574
13.901063008233905
14.041005983017385
13.90058099059388
14.127001981250942
13.888034969568253
14.065231021959335
13.947026978712529
13.736547029111534
13.680260977707803
13.898220960982144
14.033594983629882
13.760160014498979
13.76544899540022
13.85846099583432
14.278426999226213
13.895349984522909
14.001744973938912
13.995782006531954
13.999344024341553
13.753081962931901
13.86239001294598
13.950530032161623
13.967073988169432
14.219463977497071
13.791423989459872
13.966888014692813
14.084935013670474
13.847808993887156
13.892492046579719
14.060553978197277
14.116373029537499
14.244908990804106
13.689209998119622
13.97080603055656
14.245772967115045
13.904138992074877
13.881903956644237
14.351813006214797
14.010131999384612
14.254820009227842
13.843043008819222
14.369908953085542
13.998921029269695
14.297754969447851
13.639532029628754
14.067629992496222
13.940019998699427
13.836948957759887
13.601564976852387
14.208709995727986
14.054642000701278
14.304823998827487
13.961000018753111
14.12498002173379
14.063351962249726
14.113788027316332
13.677057984750718
14.23491002060473
14.28513799328357
14.142129046376795
13.90175602864474
14.026556978933513
13.998729991726577
13.98149796295911
13.995531015098095
14.346324023790658
14.053386985324323
13.836452970281243
13.769030047114938
14.305687975138426
13.961340009700507
13.938440009951591
13.873324962332845
14.299734029918909
14.090731041505933
14.18787200236693
13.879055040888488
14.134951983578503
14.237905968911946
14.105113048572093
13.661577017046511
14.03941895114258
13.972043991088867
13.854393037036061
13.601861021015793
13.862156018149108
13.77609302289784
13.902395963668823
14.233338995836675
13.94187001278624
14.246452017687261
13.900984020438045
13.680600968655199
13.97027203347534
13.81567504722625
14.023786003235728
13.98044900270179
14.015324995853007
14.105167996603996
13.89324601041153
13.71983898570761
14.332409016788006
13.796916988212615
14.036013977602124
14.10359499277547
14.145312015898526
13.928255008067936
14.112712990026921
13.862732972484082
14.209749002475291
13.891278998926282
14.154970005620271
14.093047997448593
14.080420951358974
14.132960001006722
13.879692007321864
13.972719956655055
14.149895985610783
13.798166008200496
13.826411974150687
13.946869992651045
14.125448011327535
14.1041639726609
14.322468952741474
13.949601969216019
14.27933800732717
13.83433397859335
14.076403982471675
14.164594991598278
14.170744980219752
14.208525011781603
14.029301994014531
14.020391972735524
14.069492986891419
13.814400997944176
13.895042997319251
14.111600001342595
14.03785397997126
13.874631957150996
13.798667001537979
13.705753022804856
13.978628034237772
13.759828987531364
16.735345998313278
16.694126999936998
16.65980799589306
19.30411998182535
16.693831013981253
16.41151000512764
16.636379994452
19.070865004323423
16.634969040751457
16.6143259848468
16.626928991172463
19.49781598523259
16.607376979663968
13.643770944327116
13.869738962966949
13.903981016483158
13.878140947781503
14.085327973589301
14.220051991287619
13.904870953410864
13.87358404463157
13.54518299922347
14.048379031009972
13.765560986939818
13.748238037806004
14.051876962184906
14.275172026827931
13.9424690278247
14.257923990953714
14.033258019480854
13.668628002051264
13.905968982726336
14.098107989411801
13.922722020652145
13.629673980176449
14.171189977787435
14.02441703248769
13.968012994155288
13.699411996640265
13.879178033675998
14.206070976797491
13.834873971063644
13.870863011106849
14.12905496545136
14.021979994140565
13.878231984563172
13.593796989880502
13.973277003969997
14.34510201215744
13.920113968197256
13.822788023389876
13.917749980464578
14.15688800625503
13.794193044304848
13.67076300084591
13.920213968958706
14.037807995919138
13.728573976550251
13.670830987393856
13.873572053853422
14.059385983273387
13.694332970771939
13.619698991533369
13.932193978689611
14.395500998944044
13.828057970385998
13.94242001697421
13.900657999329269
14.301817980594933
13.707362988498062
13.732744031585753
13.911951042246073
14.171216986142099
13.985631987452507
13.87312199221924
13.909222034271806
14.474234019871801
13.83376301964745
14.042532013263553
14.146218018140644
14.36124398605898
13.952916022390127
13.857865997124463
13.976914982777089
14.215108007192612
13.655974995344877
13.735203014221042
13.946913997642696
14.606092008762062
14.05080599943176
14.035725966095924
13.977359980344772
14.16666799923405
13.969375984743237
13.768723991233855
14.044151990674436
14.160631049890071
14.014912012498826
13.79303599242121
13.921837031375617
14.591032988391817
13.87698098551482
13.73641297686845
13.99589900393039
14.125349989626557
13.708447047974914
13.708685990422964
14.014114043675363
14.174139010719955
13.791064033284783
13.644881022628397
13.97456502309069
14.247490966226906
13.86629999615252
13.704228971619159
14.25152103183791
14.058887958526611
13.740680005867034
13.736962981056422
13.975472014863044
14.363151974976063
13.757251959759742
13.75274796737358
14.01899300981313
14.25483002094552
14.025911979842931
13.879717967938632
14.258138020522892
14.21753503382206
13.81051097996533
13.74106394359842
13.964321988169104
14.343408984132111
13.80836998578161
13.835736957844347
14.01025801897049
14.226475963369012
14.04857897432521
13.889398018363863
14.012806990649551
14.319753972813487
13.877436984330416
13.827350980136544
14.172520022839308
14.166830980684608
13.782184047158808
13.68459704099223
13.990447972901165
14.321841998025775
13.85377999395132
14.073014026507735
14.27705300739035
14.039133966434747
13.86428001569584
14.165270957164466
14.144695014692843
14.04995599295944
13.712126004975289
14.165560016408563
14.130595023743808
13.919654011260718
13.819166051689535
14.005322009325027
14.038664987310767
13.901976984925568
13.769168988801539
14.102670014835894
14.264022989664227
13.90755403554067
13.944261008873582
14.019162976182997
14.015230000950396
14.095246035140008
14.00668901624158
14.012647967319936
14.170322974678129
13.87508399784565
13.672759989276528
14.245163998566568
14.035050000529736
14.098324987571687
14.002737996634096
13.983773009385914
13.963976001832634
14.032757026143372
13.822333014104515
14.020228991284966
14.054398983716965
14.126762980595231
14.032593986485153
14.241861994378269
14.00257897330448
14.35047498671338
13.808713003527373
14.315886015538126
14.057385036721826
13.896380027290434
13.941008015535772
14.19213303597644
13.98676197277382
14.282214979175478
13.633776979986578
14.252212014980614
14.04800999443978
13.994279026519507
13.91250902088359
13.95268301712349
14.188887958880514
14.245291007682681
13.836471014656126
14.030327962245792
13.972990971524268
13.77012301236391
13.761124981101602
13.900555029977113
13.906487030908465
13.826998008880764
13.688975013792515
13.938037969637662
13.940025004558265
13.892015034798533
13.779330998659134
13.982376956846565
13.985140016302466
13.751157966908067
13.618697004858404
13.959833013359457
13.967569975648075
13.893241994082928
13.679524010512978
13.949314947240055
13.918768963776529
13.89745099004358
13.773012964520603
13.98078101919964
13.9048490091227
14.014332962688059
13.743487012106925
14.01099399663508
13.964008947368711
13.881834980566055
13.657549978233874
13.914699957240373
13.902607024647295
13.85972899151966
13.988248014356941
14.035383006557822
13.920038007199764
13.754617946688086
13.654045993462205
13.941307959612459
14.080188993830234
13.98992701433599
13.970495958346874
13.903474959079176
14.055970998015255
13.95163603592664
13.977165974210948
14.156677993014455
14.140469953417778
14.386452035978436
13.851698022335768
13.683633005712181
13.92448099795729
14.16293898364529
13.808740011882037
13.671723019797355
13.982168980874121
14.29397304309532
14.140552026219666
13.7442959821783
14.012728992383927
14.262047014199197
14.036369975656271
13.762712012976408
13.892878021579236
14.173214032780379
13.84220999898389
13.70161201339215
13.953046000096947
14.389135991223156
14.135112054646015
13.951094006188214
13.980382005684078
14.170588983688504
13.791062985546887
13.942992023658007
14.197349024470896
14.348816010169685
14.046193973626941
13.669178995769471
13.927899999544024
14.250711014028639
13.924379018135369
13.758318033069372
13.945048965979367
14.168520050588995
13.825722970068455
13.938334013801068
13.893443043343723
14.52266494743526
14.054163009859622
13.670825981535017
13.927196967415512
14.32407699758187
13.980638002976775
13.766463962383568
14.007687976118177
14.34867997886613
13.873032003175467
13.755024992860854
14.004948025103658
14.219993026927114
13.845753972418606
13.744994008447975
14.016084023751318
14.25812899833545
13.963387988042086
13.70960398344323
13.978366041556
14.077119005378336
13.688905979506671
13.664070051163435
13.984243967570364
14.085257018450648
13.884729007259011
13.72560701565817
14.085480011999607
14.329656027257442
13.843342021573335
13.921750010922551
14.04340798035264
14.122300955932587
13.761123991571367
13.705308025237173
13.947734027169645
14.143585984129459
13.730046979617327
13.701730989851058
13.920650992076844
14.16963996598497
13.809655967634171
13.709625985939056
13.904497027397156
14.236340997740626
13.711990031879395
13.837473990861326
14.070197998080403
14.097623992711306
13.810252014081925
13.674491026904434
13.897112978156656
14.266317011788487
14.005641976837069
13.802831992506981
14.044061012100428
14.047435019165277
13.811606040690094
13.75089498469606
13.870487979147583
14.410773990675807
13.684949022717774
13.79632402677089
13.936658971942961
14.182769984472543
14.04872996499762
13.978536997456104
13.979026000015438
14.423271000850946
13.938711024820805
13.948940963018686
13.912447029724717
14.176394965033978
14.111358032096177
13.991402985993773
14.089352975133806
14.342407986987382
13.839963998179883
13.991660031024367
14.041102956980467
14.543259982019663
14.025861979462206
13.944176025688648
13.925926992669702
14.392114011570811
13.684018049389124
13.753639999777079
14.035331958439201
14.622845046687871
13.98438197793439
13.810236006975174
13.906030973885208
14.256935974117368
13.93051800550893
14.025562966708094
14.246873965021223
14.43696697242558
14.090143027715385
13.84064496960491
14.134137018118054
14.597946021240205
14.007061021402478
14.00352199561894
14.242017001379281
14.11333098076284
13.754613988567144
13.961024000309408
14.202677994035184
14.261275005992502
13.795262027997524
13.739829999394715
13.98278004489839
17.07488199463114
16.561548050958663
16.367001982871443
19.122614001389593
17.3415889730677
16.36624801903963
16.42201596405357
14.325524040032178
14.19089495902881
13.766787946224213
13.8065519859083
13.898232020437717
14.284162025433034
13.780276000034064
13.778939028270543
14.060951012652367
14.164501044433564
14.056240965146571
13.948692998383194
14.218144991900772
14.426647976506501
13.878158992156386
13.98906297981739
14.260520983953029
14.300097012892365
13.97011399967596
14.011909021064639
13.930307002738118
14.172405004501343
13.69886298198253
13.723012991249561
13.9947590068914
14.16073797736317
13.793075049761683
13.737055996898562
14.155549986753613
14.291855972260237
13.836128986440599
13.753006991464645
13.986912032123655
14.138796017505229
13.652903959155083
13.756244035903364
14.052151003852487
14.152591000311077
13.754735002294183
13.812218036036938
14.010734972544014
14.311461010947824
13.82076897425577
13.799851993098855
13.992674998007715
14.144385990221053
13.678896008059382
13.774844992440194
13.998313981574029
14.204874983988702
13.786450028419495
13.728896039538085
13.969138963147998
14.220445009414107
14.232064015232027
13.883203966543078
14.035310014151037
14.218866010196507
13.797357969451696
13.829851988703012
14.032289967872202
14.284747012425214
13.720289978664368
13.80466198315844
14.038746012374759
14.306984026916325
13.812110992148519
13.895840966142714
13.962057011667639
14.522784971632063
13.99129698984325
13.839299965184182
13.946273014880717
14.248833991587162
13.774832943454385
14.046015974599868
14.013758045621216
14.31618898641318
13.834648998454213
13.81407503504306
14.0096329851076
14.717308979015797
13.731696002651006
13.771482044830918
13.936829986050725
14.25879297312349
13.750032056123018
13.822115026414394
13.932289963122457
14.350584999192506
13.998737034853548
13.894354982767254
14.263122982811183
14.266431971918792
13.922754966188222
13.742345036007464
13.976692978758365
14.142105006612837
13.750067038927227
13.736416993197054
14.016423025168478
14.243701007217169
16.566272999625653
13.883389008697122
14.2569380113855
14.396445010788739
14.001252013258636
13.971409993246198
14.061658992432058
14.229936001356691
13.953485002275556
13.822289009112865
14.088638999965042
14.251987042371184
13.857067038770765
13.800828019157052
14.006792975123972
14.248704013880342
13.830931973643601
13.990963052492589
13.980533985886723
14.1212809830904
13.752624043263495
13.734866981394589
14.00410698261112
14.46198095800355
13.932627975009382
13.836444006301463
14.199328026734293
14.167351997457445
13.930169981904328
14.070746023207903
14.251149957999587
14.42594698164612
14.012954023201019
13.803448004182428
13.988626014906913
14.498204982373863
13.903395971283317
13.804907037410885
13.953885005321354
14.162133040372282
13.747783028520644
14.003748947288841
14.007233025040478
14.220714976545423
13.855257013347
13.988839986268431
14.006121025886387
14.287541969679296
13.916162948589772
13.84802401298657
14.035951986443251
14.199286990333349
14.278058952186257
13.891245995182544
14.117833052296191
14.232300978619605
13.846046989783645
14.023181982338428
14.091557008214295
14.616366010159254
13.936436036601663
13.824649970047176
13.992240012157708
14.394546975381672
13.722864037845284
13.700856012292206
14.121594955213368
14.58715897751972
13.9048210112378
14.003771007992327
14.165681961458176
14.411676966119558
13.862402993254364
13.915774994529784
14.09594202414155
14.113957004155964
13.941139972303063
13.891412992961705
13.939525990281254
17.077754950150847
16.351350001059473
16.361223009880632
19.09419399453327
17.03817502129823
16.41548698535189
16.431582043878734
19.17276903986931
17.016455007251352
13.847485010046512
13.721486029680818
13.914530980400741
14.243326964788139
13.746281038038433
13.792538025882095
13.977805967442691
14.26099200034514
13.983953977003694
13.74863798264414
14.159454964101315
14.057856053113937
13.92730901716277
13.657186005730182
13.917486008722335
14.104926027357578
13.713365013245493
13.716883957386017
13.993487984407693
14.19682102277875
13.909827976021916
13.711425999645144
13.902951031923294
14.075707993470132
13.694331049919128
13.652686960995197
13.9026659890078
14.09729098668322
13.787672971375287
13.68574396474287
13.90394102782011
14.204612001776695
13.850413030013442
13.964003999717534
13.925369014032185
14.050166995730251
13.903585029765964
13.915586983785033
13.947815052233636
14.380843029357493
13.79841601010412
13.7015960062854
13.952434994280338
14.184393046889454
13.816523016430438
13.924285012762994
14.00885102339089
14.240721997339278
13.89939896762371
14.024374017026275
14.073250000365078
14.211661007720977
13.988467981107533
14.004783006384969
13.884024985600263
14.25072003621608
13.94282199908048
13.988783000968397
14.00994003051892
14.23918001819402
13.846901012584567
13.717352994717658
14.099377032835037
14.45421000244096
14.310776023194194
14.092286000959575
13.981576019432396
14.353563019540161
13.932634959928691
13.833501958288252
13.909268949646503
14.296119043137878
14.04461299534887
13.879082980565727
13.879799051210284
14.283468015491962
13.812985038384795
13.809384021442384
18.20940402103588
14.340360998176038
14.123258006293327
13.958261988591403
14.164479041937739
14.150671020615846
13.898555014748126
14.033859013579786
14.127480040770024
14.415491023100913
14.059575041756034
13.991047046147287
14.118586026597768
14.554734982084483
14.102943998295814
13.727254001423717
13.924384955316782
14.183885999955237
13.763671042397618
13.776251988019794
13.916252995841205
14.406254980713129
14.017692999914289
13.719386013690382
13.841717969626188
14.201290032360703
13.98440299089998
13.818139035720378
13.987664016894996
14.189875044394284
13.873255986254662
13.819565996527672
13.844921020790935
14.107886992860585
13.7347899726592
13.685636047739536
13.883912994060665
14.26307501969859
13.894664007239044
13.7670369585976
13.929871027357876
14.275448978878558
14.076265040785074
13.779676984995604
13.885215041227639
14.115788973867893
13.790463039185852
13.833746023010463
13.938738033175468
14.32259101420641
13.949143991339952
13.908502005506307
13.852500007487833
14.1425040201284
13.761023990809917
13.586385990493
14.275663008447737
14.445501961745322
13.913985982071608
14.003414020407945
14.044220035430044
14.18478402774781
14.148284040857106
13.697051967028528
14.016141998581588
14.327248034533113
13.74350901460275
13.80125095602125
14.051954029127955
14.122929016593844
13.872814946807921
13.747758988756686
14.042150985915214
14.322280010674149
13.859368045814335
13.860751991160214
14.037337037734687
14.133732998743653
13.819226005580276
13.757615990471095
14.067771029658616
14.179404999595135
13.792996993288398
13.754374987911433
14.180204016156495
14.187318971380591
14.101910986937582
13.925496023148298
14.039362024050206
14.144201995804906
13.763895956799388
13.965323974844068
14.10945103270933
14.436726982239634
13.75902199652046
13.664179015904665
13.993268017657101
14.225077000446618
13.9785609790124
13.793103978969157
18.395542982034385
14.460064994636923
13.88311799382791
13.709463004488498
14.001900039147586
14.11667896900326
13.888757035601884
13.709152000956237
13.958481955341995
14.257829985581338
14.00209596613422
13.8677439535968
14.029918995220214
14.159053040202707
13.793767022434622
13.86244100285694
13.895875017624348
14.3933100043796
13.9399150502868
13.727498997468501
14.228458981961012
14.243612997233868
16.55285502783954
16.34890103014186
18.972393998410553
16.965329996310174
16.351739992387593
16.426930960733443
18.924760981462896
16.833850007969886
16.34440297493711
16.331532038748264
18.96412903442979
16.938533983193338
16.5681240032427
16.31728297797963
18.947022035717964
17.040595004800707
16.366083989851177
13.800437038298696
13.937345996964723
14.053936989512295
13.715065026190132
13.609558052849025
13.99388600839302
14.139714010525495
13.881427992600948
13.68648698553443
13.992518011946231
14.460955979302526
14.011948020197451
14.017521985806525
14.082934008911252
14.325014024507254
13.724191987421364
13.715402979869395
14.03046102495864
14.32958000805229
13.974553963635117
13.949232001323253
13.962411030661315
14.274078013841063
13.87032400816679
13.790372002404183
13.900804973673075
14.132397016510367
13.697552029043436
13.658104988280684
13.981875963509083
14.20390501152724
13.96177097922191
13.690477004274726
13.881692022550851
14.092991012148559
13.682333985343575
13.69046000763774
13.906826032325625
14.123532979283482
13.696954993065447
13.905718980822712
14.014212996698916
14.246539969462901
13.837595994118601
13.702186988666654
13.898825971409678
14.111920958384871
14.022478018887341
13.758345041424036
13.890175963751972
14.289412996731699
13.740090013016015
13.68125103181228
13.933377049397677
14.585782948415726
13.811199052724987
13.884649029932916
14.103233988862485
14.329362020362169
13.905119965784252
13.745940988883376
17.90411997353658
14.27600800525397
13.984741002786905
13.908839027862996
14.088451978750527
14.405615977011621
13.84009700268507
13.884673011489213
14.153836003970355
16.972292971331626
13.73685197904706
13.672486995346844
13.934439979493618
14.182479004375637
13.708263053558767
13.611380010843277
14.072236022911966
14.364472997840494
13.805877999402583
13.721147028263658
13.910322973970324
14.498255040962249
13.747908000368625
13.817829021718353
13.93299998017028
14.1371909994632
13.665759994182736
13.691310014110059
13.881516002584249
14.222529018297791
13.811287004500628
13.764897012151778
13.867672998458147
14.104951987974346
13.680532982107252
13.68407200789079
13.865276996511966
14.10341402515769
13.652479974552989
13.9353729900904
13.921515957918018
14.463528001215309
13.976914051454514
13.954320049379021
14.055586012545973
14.355646970216185
13.677438953891397
13.707520032767206
13.839510967954993
14.12660302594304
13.771566969808191
13.663912017364055
13.883224979508668
14.235458977054805
13.817410974297673
13.719843002036214
13.921880978159606
14.14994802325964
13.949302956461906
13.868582958821207
14.150555012747645
14.308637008070946
13.768775039352477
13.879414997063577
14.119250001385808
14.425755944103003
13.942835037596524
13.626829022541642
13.876459037419409
14.039999980013818
13.727498997468501
13.635311974212527
13.872739975340664
14.052395999897271
13.67791002849117
13.614367984700948
13.878825993742794
14.163835032377392
13.81713297450915
13.81967100314796
13.958507974166423
14.088269032072276
13.999357994180173
13.90289404662326
14.25499195465818
14.357755018863827
14.1449139919132
13.783845992293209
13.912850001361221
14.264610013924539
13.955692993476987
13.845301989931613
14.025980024598539
14.406162954401225
13.788365991786122
13.78522498998791
14.024795964360237
14.112540986388922
13.89948499854654
13.884627958759665
18.21233402006328
14.403358974959701
14.030582970008254
13.89582100091502
14.034794003237039
14.27885697921738
13.885560969356447
13.91664199763909
13.978252012748271
14.27225099178031
13.885819003917277
13.742890965659171
13.988466002047062
17.277033999562263
16.560444026254117
16.412659955676645
19.27634800085798
17.015453020576388
16.583857010118663
16.45576994633302
19.23038501990959
17.132610955741256
16.606725985184312
16.43229799810797
19.178349000867456
17.26946799317375
16.685001028236
16.470037982799113
19.324560009408742
17.055879987310618
16.550656990148127
16.61982195219025
19.73369502229616
17.06874801311642
16.48540497990325
16.48488501086831
19.38638702267781
17.08009699359536
16.64297399111092
16.56550297047943
19.376276002731174
16.991654003504664
16.60105399787426
16.540423966944218
19.351527036633343
16.996919992379844
16.436378995422274
16.4478900260292
19.26224702037871
17.220169014763087
16.572136024478823
16.480102960485965
19.277163955848664
17.00618100585416
16.41168596688658
16.428226022981107
19.280437962152064
17.11244700709358
16.412596974987537
16.411054006312042
19.1203230060637
17.26710400544107
16.690498043317348
16.458983009215444
19.45461001014337
17.176260007545352
16.590176965110004
16.4047300349921
19.213270978070796
16.98745699832216
13.856887992005795
13.831647054757923
13.981571013573557
14.285380020737648
13.894013012759387
13.970725995022804
14.09066398628056
14.417194994166493
13.808910036459565
13.768021017313004
