51.10125296050683
35.90926103061065
38.04427199065685
35.780492005869746
38.960755977313966
38.76138699706644
37.94295701663941
35.53357097553089
36.19344101753086
38.527321012225
36.92438401049003
35.086953022982925
34.52926396857947
33.84586103493348
33.35717401932925
34.10163801163435
36.70937503920868
34.8085310542956
35.264414036646485
34.90187303395942
35.3152280440554
36.98540199548006
34.244176000356674
34.7433130373247
33.95888599334285
33.82895397953689
34.330978989601135
34.9194630398415
34.7133909817785
35.05273204063997
34.382309997454286
34.334197000134736
34.51822901843116
36.57598700374365
36.40469000674784
36.583730019629
34.269097028300166
34.93198996875435
34.736475034151226
36.49252199102193
34.380526980385184
34.12599297007546
34.9281289963983
34.45199801353738
36.3968739984557
37.424303009174764
34.4910470303148
33.967817027587444
34.718659007921815
34.38358899438754
33.92563102534041
34.6505839843303
35.22409399738535
34.92869599722326
34.20505701797083
36.543382972013205
34.2391169979237
33.60747697297484
34.24251900287345
35.31812998699024
34.4641319825314
35.43449199059978
34.997273003682494
33.59339298913255
33.67087204242125
33.76181301428005
34.25291599705815
33.63789396826178
34.44883896736428
33.698947983793914
33.77873596036807
34.17527099372819
33.68755802512169
35.07245297078043
33.676256018225104
36.430055974051356
34.07589299604297
33.83640595711768
33.575010020285845
34.28295097546652
33.721211017109454
33.97581598255783
36.51493799407035
36.57651896355674
36.24397300882265
33.86014397256076
34.33248802321032
33.71581499231979
34.515242965426296
33.695104997605085
33.85427803732455
34.00018298998475
33.789946988690645
33.808145963121206
33.784993982408196
33.856388006825
34.161243005655706
33.68885500822216
33.619942027144134
36.66730300756171
33.755819022189826
34.0971130062826
33.779123972635716
33.723881002515554
33.623319992329925
34.51931499876082
34.19943596236408
33.709624025505036
36.42591502284631
34.055213967803866
34.23125302651897
34.38079496845603
33.75460201641545
34.430891973897815
33.91009394545108
33.83757802657783
34.13412702502683
33.833461988251656
33.69621798628941
33.80709799239412
33.911751001141965
34.19482003664598
33.830025990027934
33.89402502216399
33.90087001025677
33.66446797735989
34.08567199949175
33.7954469723627
36.3806770183146
33.89234299538657
34.009694994892925
34.233220969326794
33.889318990986794
37.23762900335714
33.780802972614765
33.990125986747444
33.46594801405445
34.04671396128833
33.729767019394785
33.665360999293625
36.62086103577167
34.03743397211656
33.537392038851976
33.552111010067165
33.93644100287929
34.243644040543586
34.040377009660006
33.54675800073892
34.16878101415932
33.504619961604476
33.50798797328025
33.996533951722085
33.60025695292279
34.346500993706286
33.84973498759791
33.89586100820452
34.33126799063757
33.80055399611592
34.04689900344238
33.72004703851417
33.69876299984753
37.136016006115824
36.85062099248171
34.08030094578862
33.634976018220186
33.8197429664433
34.402819990646094
33.83932902943343
33.7319920072332
33.6824239930138
33.80774601828307
34.468744008336216
33.592080988455564
34.21889402670786
33.83017599117011
36.603820975869894
34.44959101034328
33.83012698031962
33.62710098735988
33.90059998491779
33.41815702151507
33.99328200612217
33.656331012025476
33.67695800261572
33.47717202268541
33.84789795381948
33.88660098426044
36.4209350082092
33.71590399183333
33.747677982319146
33.47383497748524
36.98539501056075
33.41416799230501
34.01035495335236
34.67564599122852
33.61342794960365
34.15876597864553
33.69159100111574
34.04137201141566
33.45975000411272
33.50701602175832
33.795510011259466
33.562367025297135
33.80763600580394
33.67257898207754
33.93250401131809
36.36050096247345
36.98473202530295
33.45713799353689
33.87363505316898
33.72539399424568
34.40422500716522
36.47079900838435
36.438536015339196
33.430151001084596
33.83453097194433
34.437333000823855
33.809624961577356
34.038991027045995
33.94375799689442
33.81609602365643
34.488158009480685
33.83933298755437
40.55777902249247
33.6778910132125
33.84167095646262
34.44122901419178
34.1594519559294
33.7567959795706
33.62050501164049
33.575069974176586
34.40901800058782
36.73080896260217
33.92293903743848
33.65423099603504
34.06572702806443
34.95100198779255
33.811678003985435
34.570982970763
34.046912973280996
33.934708044398576
36.86675103381276
33.6931089987047
36.25827602809295
36.41109401360154
33.80189399467781
36.85014304937795
37.02185902511701
33.75450102612376
33.92222599359229
33.62315101549029
34.24052201444283
33.522512996569276
33.47576403757557
33.61346200108528
33.649044984485954
34.446737030521035
33.71287795016542
33.55645900592208
33.612529980018735
34.08113197656348
36.83157701743767
33.86209800373763
33.818481024354696
33.38926698779687
33.82480097934604
34.28642201470211
34.13409402128309
33.874035987537354
33.581566996872425
36.88178298762068
33.95958698820323
34.63603201089427
34.06518301926553
33.93310902174562
33.721330983098596
34.29167304420844
33.73292303876951
34.52511900104582
33.63733598962426
33.71750999940559
34.03734904713929
34.52221798943356
33.63806800916791
34.118276031222194
33.74739800347015
37.02602704288438
34.157413989305496
34.363771963398904
33.56304002227262
33.856849011499435
34.005863999482244
34.04860501177609
33.925137016922235
33.50263898028061
33.8485210086219
37.08293603267521
33.67713204352185
34.36819900525734
33.72514899820089
34.6085510100238
34.12581101292744
34.47100502671674
34.006969013717026
33.545750949997455
33.47227902850136
34.38640903914347
33.8724689790979
33.83166796993464
33.86076202150434
34.0768379974179
34.04024202609435
33.824532001744956
34.20265001477674
34.28173600696027
34.54402799252421
34.110883018001914
33.79395295633003
33.9381429948844
33.57003000564873
33.74331200029701
34.19616800965741
34.09894701326266
33.68745802436024
33.50165003212169
36.60085197770968
34.2743510263972
33.515679999254644
34.26090499851853
34.01157900225371
34.32380995946005
34.5807250123471
33.579214999917895
33.7579749757424
33.8161529507488
33.79110700916499
34.225330979097635
36.65641898987815
33.77366502536461
33.50031696027145
33.42871501808986
36.593616008758545
33.75604801112786
34.1676120297052
33.86878501623869
33.91974500846118
34.21877301298082
33.8828950189054
34.205870993901044
33.82435702951625
33.898978028446436
33.86891697300598
33.80913502769545
33.789940003771335
36.735174944624305
33.861386007629335
34.10946996882558
36.401512974407524
33.65831001428887
34.051402006298304
33.933963044546545
34.02106900466606
33.5109619772993
33.893951040226966
37.09219698794186
34.19346496229991
34.05546396970749
33.80676597589627
33.76594197470695
33.89665903523564
34.04827701160684
34.32671999325976
33.82092696847394
33.66831602761522
36.54481697594747
33.695075020659715
34.605863969773054
33.55505102081224
36.674026981927454
33.5170230246149
33.02917996188626
34.104263002518564
33.59502897365019
33.79404899897054
33.57601404422894
33.76948903314769
34.21884402632713
33.70733803603798
33.74668100150302
33.66291098063812
33.79673504969105
34.07124296063557
33.6761359940283
33.814866037573665
33.76999398460612
33.55242597172037
34.024471999146044
36.52678499929607
33.93862099619582
33.46496704034507
33.686304988805205
33.925496973097324
33.77929498674348
33.571231993846595
33.540347998496145
33.75966101884842
36.59670101478696
33.82268699351698
33.90649403445423
33.57845899881795
33.73935300623998
33.815913018770516
33.88596198055893
33.65661099087447
36.52415599208325
36.320779006928205
34.1882259817794
34.01183302048594
36.35084297275171
36.45472996868193
33.93023903481662
34.025606990326196
34.19530502287671
34.022179956082255
33.8007920072414
33.83349999785423
34.4486020039767
34.10456300480291
33.68712996598333
33.61324698198587
33.82437600521371
34.31851998902857
33.70008198544383
36.59551200689748
36.61298897350207
33.918407978489995
34.30092096095905
34.11040600622073
33.63227494992316
33.82219601189718
33.95022900076583
34.64545198949054
34.11961405072361
34.06135400291532
34.10141699714586
33.85559405433014
34.33376096654683
33.70193700538948
34.25512299872935
33.77748600905761
36.55202500522137
34.71287101274356
36.385840037837625
33.85154699208215
33.79157203016803
33.935747982468456
36.58632200676948
33.734743017703295
33.85724400868639
33.98939600447193
33.85684097884223
34.53102597268298
33.63857901422307
34.35979800997302
33.966384013183415
33.65457599284127
34.25131196854636
33.827054023277014
36.19564400287345
33.58320897677913
33.86840096209198
33.862971991766244
33.83928700350225
33.70781597914174
33.79426494939253
33.948633004911244
36.8220999953337
36.3583950093016
33.77372899558395
33.93155400408432
34.27491500042379
34.17756099952385
33.585886005312204
33.726544003002346
33.61745597794652
36.34197998326272
36.79385699797422
34.20492203440517
33.97991100791842
33.687775023281574
34.31606199592352
34.03233300196007
33.81566097959876
33.69916201336309
33.817252959124744
36.12312796758488
36.29129001637921
36.19435802102089
33.78078801324591
33.626456977799535
33.623895957134664
33.78485102439299
36.447174032218754
36.408949992619455
36.67331504402682
33.68533495813608
34.231860016006976
33.639736007899046
33.78032898763195
33.75937102828175
33.712140982970595
33.96744403289631
33.74394401907921
35.30831797979772
37.79343998758122
35.55100504308939
35.33129399875179
34.69377401052043
36.47960699163377
33.54454500367865
33.8594900094904
33.7745730066672
36.6349290125072
33.859663002658635
36.26440203515813
34.126102982554585
34.4708240008913
36.894496995955706
36.740258045028895
34.240218985360116
36.799429974053055
34.28013599477708
34.31394096696749
37.107043026480824
33.854462031740695
33.78445201087743
33.88985904166475
34.05077604111284
34.06591701786965
33.70073001133278
33.78305200021714
34.109782020095736
34.07496097497642
34.42406503017992
36.490997998043895
36.538342013955116
34.3345400178805
36.244679999072105
36.39299899805337
36.28698398824781
33.745178021490574
33.800968958530575
33.4944729693234
33.86659797979519
33.69696298614144
33.62573101185262
33.96173403598368
36.41092299949378
34.04371900251135
34.39060703385621
33.84130698395893
34.12621095776558
36.08691197587177
33.796473988331854
33.78639498259872
33.89999200589955
34.14451895514503
33.79668097477406
33.97500398568809
34.30831298464909
33.49965298548341
34.155586967244744
33.75372302252799
33.43584202229977
33.50387600949034
33.97786698769778
36.857035011053085
33.64398196572438
33.7358929682523
33.72970299096778
33.892559993546456
34.01724196737632
33.67361600976437
33.87212101370096
33.84606196777895
33.71717594563961
34.065707004629076
36.357633012812585
36.46980901248753
36.51006199652329
36.47708398057148
33.81573501974344
33.87897601351142
33.6957240360789
33.636676031164825
34.30054697673768
34.15434597991407
33.82660500938073
36.131937988102436
33.85113796684891
33.485554973594844
33.98366295732558
36.11156000988558
34.00770598091185
33.60533399973065
36.18174802977592
33.9953459915705
33.659108041319996
33.79391902126372
33.85333897313103
33.62267499323934
33.96039200015366
33.916286018211395
33.79280096851289
33.49385299952701
33.690250013023615
36.721411044709384
33.48471596837044
33.859120041597635
33.45305897528306
33.55389798525721
34.04289000900462
33.5447890101932
33.94173999549821
33.48958696005866
33.478899975307286
34.01887003565207
33.46110100392252
33.8450989802368
33.888165024109185
33.881391980685294
34.233298036269844
33.65627798484638
33.75356999458745
33.50449999561533
33.53000897914171
36.70606401283294
33.5838120081462
33.789124980103225
33.76946604112163
33.404430956579745
34.1171040199697
33.497889002319425
33.70410203933716
33.80361798917875
33.62005698727444
33.805260027293116
33.61624700482935
33.618471992667764
33.75615697586909
34.10563000943512
33.77489501144737
33.662136003840715
33.51491200737655
33.670155971776694
33.50952599430457
34.30980700068176
36.24745301203802
33.91199297038838
36.44279099535197
33.787309017498046
34.46864400757477
33.49629603326321
33.77554996404797
33.53140503168106
33.70900603476912
33.738263009581715
33.939474960789084
33.638465974945575
33.97068503545597
33.531519991811365
34.08902097726241
33.62742799799889
34.3747700098902
33.61287497682497
33.78538700053468
36.67002695146948
34.021269995719194
33.638673019595444
33.990494965109974
33.42637198511511
33.7470379890874
34.05062295496464
33.78734301077202
33.56895805336535
33.713451004587114
33.90872699674219
33.84691500104964
33.972470031585544
33.90175197273493
34.14571704342961
34.037853009067476
33.87822798686102
34.04433699324727
33.5116219939664
36.41795099247247
34.10117496969178
33.90112303895876
34.0118000167422
36.43919201567769
33.77585898851976
34.39219598658383
33.65538199432194
33.88161101611331
33.70903304312378
33.93128700554371
33.89076696475968
33.595977001823485
34.396302013192326
34.600125974975526
36.40096896560863
34.36223603785038
33.659490989521146
33.75805000541732
36.42166400095448
33.688455005176365
36.93250799551606
36.35327203664929
36.49418900022283
36.41300299204886
33.876330009661615
34.43479596171528
33.68651901837438
33.94855302758515
34.40931998193264
33.97280001081526
34.540298976935446
34.011554962489754
33.79109298111871
33.89813599642366
33.56632002396509
34.26383598707616
33.51690003182739
33.907741017173976
36.388617008924484
33.885567041579634
33.91446900786832
33.62688998458907
36.47993801860139
33.575500012375414
33.637896995060146
33.908503013662994
33.93719100859016
33.7491650134325
33.65402395138517
33.8375240098685
36.859297018963844
36.349856993183494
36.37274500215426
36.77474003052339
33.69471401674673
33.91615703003481
33.72183401370421
33.71729300124571
33.60025800066069
33.71096798218787
34.33868696447462
33.940926019567996
33.59729202929884
33.670482982415706
33.8218139950186
34.140065021347255
33.65535504417494
33.71432103449479
33.404907037038356
33.829924010206014
34.23041995847598
33.88847899623215
33.97551900707185
33.694713027216494
33.7898830184713
34.27977196406573
33.76628103433177
33.74630998587236
33.87733199633658
33.39652600698173
34.173955966252834
33.84497598744929
33.55961601482704
33.76134595600888
34.083306964021176
34.399733995087445
33.94268895499408
33.419311977922916
33.83243101416156
33.893624029587954
33.93111698096618
33.57862599659711
33.68065401446074
33.599858987145126
33.90577097889036
34.05284200562164
33.708419010508806
33.70192600414157
33.5890399874188
36.421066033653915
34.211857011541724
33.69757399195805
33.78274600254372
33.78602798329666
36.15661297226325
36.434502981137484
33.634958032052964
33.69522403227165
33.63758703926578
33.76770002068952
34.130359010305256
33.7931290268898
33.59142900444567
33.595471002627164
33.57200400205329
34.42989301402122
33.74822798650712
33.84703496703878
33.602230018004775
33.78596901893616
34.00868701282889
33.77555403858423
33.72731199488044
34.07660097582266
33.84092199848965
34.25248397979885
33.58393895905465
33.62105099949986
33.63070002524182
33.98718300741166
34.00590596720576
34.40800297539681
34.124811994843185
33.58350897906348
33.344774041324854
34.1317190323025
33.86723098810762
33.734238997567445
33.304609009064734
33.60066097229719
34.31196097517386
33.76528504304588
33.604020019993186
36.17492696503177
33.75738102477044
34.03399104718119
33.44932000618428
33.73639000346884
33.566023979801685
33.54956099065021
34.042475977912545
33.86062401114032
33.521204022690654
33.721386978868395
33.736019977368414
34.26896297605708
33.62951002782211
34.18191598029807
33.52695604553446
33.87029503937811
34.070132998749614
33.6031109909527
33.386442984919995
33.73977297451347
33.172739029396325
37.042537005618215
34.09429098246619
34.02185701997951
33.72826799750328
33.36048999335617
34.2253019916825
33.98577298503369
33.93533796770498
33.766628010198474
34.07988004619256
34.15820800000802
36.30029101623222
34.048900997731835
33.94321899395436
33.52158499183133
36.62442200584337
35.90351401362568
34.01422803290188
33.8392150006257
33.239367010537535
34.13485101191327
33.508918015286326
34.412617969792336
33.72830100124702
36.04736097622663
34.351050038821995
33.7967139785178
33.81551703205332
33.7003490421921
33.7652979651466
34.220154979266226
37.1999810449779
33.61652803141624
33.54820603271946
33.87644799659029
34.05416401801631
33.438696002122015
34.124582016374916
34.051313996315
36.87401098432019
34.41497898893431
33.14236301230267
33.81551901111379
33.90196501277387
33.636721957009286
34.53192301094532
33.80814002593979
33.271464984864
33.81568699842319
35.98528105067089
34.52448599273339
33.62451103748754
33.68577401852235
33.61271199537441
33.616555971093476
34.20593298505992
33.86781003791839
33.74932100996375
33.94495201064274
33.495776006020606
33.93044002586976
33.48611498950049
36.346597014926374
36.25752998050302
36.0359349870123
36.70285799307749
33.32641802262515
34.03124795295298
33.761464001145214
36.28951497375965
33.98369700880721
33.735429984517395
36.1472709919326
34.253605001140386
33.59597100643441
34.35787296621129
33.86356501141563
33.70010299840942
33.65009295521304
33.8151219766587
34.15585897164419
33.72387302806601
33.38747000088915
36.53703100280836
36.02901700651273
36.75716096768156
33.297471003606915
33.53795001748949
33.47861603833735
33.626204007305205
33.8468860136345
33.27052597887814
33.355986000970006
33.233662019483745
33.37107301922515
33.98806997574866
33.77172496402636
33.27851096400991
33.827503968495876
33.62311900127679
33.94695505267009
33.37972902227193
33.49273098865524
33.758839010261
33.41705200728029
34.20530603034422
33.573184977285564
33.631706959567964
33.385923015885055
33.729268005117774
33.83492800639942
33.63062802236527
33.84142700815573
33.59942202223465
36.50540602393448
36.700834054499865
33.91648601973429
33.70083402842283
33.2782770274207
36.10793297411874
34.17353599797934
33.11029198812321
36.219487024936825
33.538161020260304
33.57029496692121
34.04866001801565
36.105603037867695
33.72229298111051
33.88815000653267
36.17007296998054
33.743732958100736
33.98759302217513
33.642575959675014
33.571744977962226
33.56299496954307
33.37124001700431
33.35442201932892
33.876035013236105
36.09077096916735
33.78504898864776
33.83175499038771
33.9342140359804
33.78472704207525
33.226464001927525
33.61957200104371
34.0223090024665
33.24335999786854
33.79212599247694
33.693236007820815
33.167826011776924
33.96419697673991
34.078882017638534
33.76672696322203
36.0795630258508
33.798052987549454
33.649530028924346
33.88411900959909
33.3601720049046
33.21471199160442
33.15907600335777
34.16275302879512
33.93932996550575
33.39270898140967
36.51414602063596
33.26530201593414
34.141062991693616
33.43307395698503
33.752479997929186
35.94914800487459
33.691093034576625
36.964152997825295
33.10774301644415
33.40523800579831
36.36984003242105
36.33517597336322
36.49229998700321
36.35404497617856
33.769001020118594
33.269147970713675
33.75642804894596
33.77605398418382
33.94407202722505
33.19514403119683
33.69859798112884
33.88219798216596
33.465218963101506
33.161466009914875
33.34302204893902
33.37890800321475
36.14688903326169
33.727761008776724
33.07073697214946
36.12982900813222
33.04277401184663
35.93220503535122
33.68970699375495
33.528945001307875
32.981019001454115
33.18999503972009
33.256771974265575
33.771618036553264
35.91354703530669
36.155246023554355
35.97545198863372
33.426253008656204
33.8046969845891
33.0882869893685
35.86864401586354
36.44850698765367
33.396661980077624
33.815810980740935
33.339929999783635
33.31806400092319
33.238867996260524
33.692105032969266
34.15590396616608
33.51856500376016
33.151686016935855
33.20963395526633
33.22938800556585
33.70015398832038
33.00682996632531
33.19088299758732
33.71900302590802
33.52176398038864
34.37521797604859
33.19943998940289
33.15592702711001
33.09693798655644
33.13403599895537
34.141675976570696
33.25626195874065
33.1330579938367
33.67176197934896
33.39674795279279
34.238096966873854
33.24267495190725
33.176772005390376
33.19333796389401
33.45461003482342
33.63174700643867
33.159258018713444
33.492162998300046
33.15075201680884
33.200304955244064
33.56292500393465
33.287363999988884
33.26769795967266
33.40500203194097
33.501026045996696
36.56119405059144
33.11191697139293
33.491604030132294
33.14729698468
36.04795300634578
33.952932979445904
33.427055983338505
33.46713597420603
33.43148098792881
33.10168901225552
34.242685011122376
33.309746999293566
33.38068199809641
33.25984894763678
33.25673297513276
36.18499997537583
33.23916299268603
33.013192005455494
33.141980005893856
33.12272496987134
34.030322975013405
33.134930999949574
33.33184000803158
33.429240982513875
33.0623589688912
33.97308802232146
33.09331304626539
33.2111080060713
33.09925401117653
33.35362602956593
34.27722700871527
33.08280999772251
33.128309005405754
33.34100596839562
33.458047022577375
33.642201975453645
33.30010798526928
33.149405964650214
33.42975303530693
33.19422097411007
33.75520202098414
33.11205602949485
33.003518008627
33.113289973698556
33.75145699828863
36.489246995188296
36.14138695411384
33.033079002052546
35.79949901904911
36.13338299328461
34.14275305112824
33.28050201525912
33.27699995134026
33.11315999599174
33.10107800643891
33.54429197497666
33.17431197501719
33.030612976290286
33.0859639798291
32.997861970216036
34.27557001123205
33.229946973733604
36.28012503031641
36.08217398868874
33.22181396652013
35.41050403146073
33.42392202466726
33.36298296926543
33.404886024072766
33.10859896009788
34.175008011516184
33.264452998992056
33.344242023304105
33.5463160299696
33.66119001293555
34.375863964669406
33.32374297315255
33.70392299257219
33.202398975845426
33.113553014118224
33.980886975768954
33.172207011375576
33.189089968800545
33.081372966989875
33.30730204470456
36.34702297858894
33.5297979763709
33.21466501802206
33.398420026060194
33.041198970749974
33.9522379799746
33.364136004820466
33.3537160186097
33.025179989635944
33.25366898206994
34.10844801692292
33.27582898782566
33.26568700140342
33.50757900625467
33.41919998638332
36.34255600627512
33.057270979043096
33.17129402421415
33.25171198230237
33.162542968057096
34.21121701830998
33.34161004750058
36.13029303960502
35.80486896680668
33.653749036602676
33.92504795920104
32.98812301363796
33.10305898776278
33.10421999776736
33.707356022205204
34.39131297636777
33.116711943876
33.1338060204871
33.13950204756111
33.19045202806592
33.87484000995755
33.08142704190686
33.08087796904147
33.11663295608014
33.29215099802241
36.237845022697
33.362958987709135
33.2052189623937
33.25167502043769
35.990514035802335
33.894628984853625
33.23603904573247
33.40983804082498
36.11436201026663
33.17071503261104
34.074030991178006
33.03189796861261
33.91075995750725
36.29898699000478
33.696307975333184
36.3257679855451
33.11253699939698
33.300180977676064
36.42114298418164
33.85270695434883
34.408041974529624
33.424899040255696
33.54164300253615
33.87042798567563
33.5988340084441
33.87774003203958
33.092892030254006
33.09474000707269
33.221070014405996
33.11879502143711
34.13242002716288
33.42126397183165
33.754383970517665
33.27013598755002
35.76240100665018
36.517400993034244
33.01344602368772
33.521756005939096
33.129853021819144
33.38898700894788
37.5290610245429
33.172661962453276
33.5238779662177
33.67344802245498
33.02413399796933
34.09568499773741
33.019794966094196
33.174947020597756
33.02839200478047
36.03983303764835
33.867898979224265
33.03385101025924
33.48560101585463
33.30526000354439
33.23861997341737
33.84886198909953
33.041740010958165
33.40351197402924
35.81146098440513
33.34136999910697
33.8633069768548
33.43525301897898
36.16981394588947
33.296533045358956
35.79533798620105
33.77684997394681
32.98881696537137
33.36821298580617
33.254504029173404
35.86407599505037
33.6267160018906
33.01019000355154
32.913281000219285
33.08754996396601
33.116011996753514
36.129816027823836
33.17531000357121
33.177904959302396
33.250242995563895
33.15476101124659
33.67282904218882
33.10126601718366
33.35266199428588
33.393135003279895
33.11981802107766
33.92002696637064
33.12275494681671
33.84903696132824
33.338883018586785
33.36209099506959
35.90552497189492
33.24309102026746
33.776930009480566
33.88456400716677
33.56665896717459
33.95446698414162
35.941620997618884
33.47628499614075
33.18690799642354
33.57322700321674
33.64056703867391
33.24793296633288
33.35334802977741
33.17298099864274
33.10748701915145
33.661133027635515
33.32168102497235
33.171671035233885
33.12468301737681
33.29614398535341
34.003998967818916
35.174899036064744
32.95101202093065
33.40650902828202
33.139690989628434
33.64070400130004
33.41371600981802
33.65609800675884
33.065258001443
33.144846034701914
33.66980096325278
33.330135978758335
33.20724901277572
33.04472495801747
32.99103898461908
33.63308298867196
33.151157025713474
33.10289897490293
32.9590150504373
33.09049701783806
33.33243494853377
33.10236695688218
33.001200994476676
33.321983995847404
32.959866046439856
33.38644502218813
33.00749801564962
33.23424799600616
33.14942104043439
33.21384295122698
33.78597501432523
33.25775300618261
33.12422602903098
33.16328104119748
33.28633599448949
33.61248201690614
33.290076011326164
33.41962298145518
35.85375798866153
33.43271801713854
33.315142965875566
33.61075901193544
36.05483699357137
33.419655985198915
35.801371035631746
36.2489260151051
36.47729998920113
35.99614300765097
35.833868954796344
33.453148033004254
33.77943200757727
35.93103896128014
33.068686025217175
33.199851983226836
33.268850995227695
33.378848049324006
33.37220702087507
33.13324804184958
33.286443969700485
33.16557704238221
33.53924199473113
33.11358502833173
33.135111967567354
33.322909963317215
33.0937709659338
33.43315498204902
33.34406000794843
33.35792297730222
33.221306977793574
33.35027402499691
33.53409795090556
33.18563802167773
33.10610895277932
33.16345898201689
33.10970001621172
33.58656802447513
33.18664198741317
33.35480799432844
35.729197959881276
33.4357509855181
33.57357601635158
33.32625195616856
33.14314899034798
33.01928500877693
33.00719300750643
33.624345960561186
33.023875032085925
33.37541199289262
33.19460299098864
36.64585103979334
34.205369011033326
35.11565300868824
34.00634101126343
33.36411400232464
35.89432704029605
33.45211100531742
35.71903699776158
33.11997395940125
33.26766099780798
33.05445599835366
33.167079964186996
33.252289053052664
33.01803197246045
33.34735601674765
33.293142972979695
33.30284496769309
33.3126230398193
33.26647396897897
33.11063698492944
33.39127800427377
33.49626698764041
34.06926500611007
33.30998198362067
33.85080600855872
33.19128102157265
33.62034703604877
33.083579037338495
33.20687997620553
33.219938981346786
33.45511399675161
36.01011598948389
33.18279201630503
33.22067600674927
33.288497012108564
33.07136497460306
33.57477899407968
33.41210004873574
33.22365798521787
33.185513981152326
36.21436998946592
33.23563595768064
33.49199297372252
33.26734300935641
33.18709001177922
33.32539199618623
33.94142503384501
34.0356879751198
34.14003399666399
34.07449397491291
34.044457017444074
33.69052801281214
33.538372023031116
34.652340051252395
36.35302296606824
33.30021898727864
33.73689000727609
33.08503597509116
33.34486298263073
34.11359200254083
33.58040004968643
33.653142978437245
33.86012400733307
33.39292999589816
33.683528017718345
33.14651700202376
33.93870498985052
36.37117298785597
37.41629800060764
33.94829703029245
35.97420401638374
36.23574203811586
36.63807001430541
36.09190497081727
35.266428953036666
34.490983991418034
34.22436997061595
33.78848795546219
34.118941985070705
34.87474302528426
34.00703601073474
34.11653602961451
34.08422600477934
36.92202502861619
33.35448500001803
33.98469596868381
34.25401903223246
35.01531999791041
40.02528800629079
34.277266007848084
38.09510002611205
34.2442819965072
34.04211101587862
34.380102006252855
33.78896997310221
36.5283049759455
40.52864998811856
34.38340302091092
34.04812602093443
33.88498199637979
33.9418170042336
33.94781000679359
33.284487028140575
33.132816024590284
33.92472001723945
33.19760301383212
33.65991899045184
36.29591700155288
33.20656600408256
33.26164104510099
33.19413599092513
36.272037017624825
33.83216803194955
33.12095795990899
35.95789597602561
33.07055000914261
33.662286994513124
33.1234959885478
33.22844399372116
33.49465999053791
34.001435036771
33.83485600352287
33.24401000281796
35.86395102320239
33.10869901906699
33.26202998869121
33.47116499207914
33.3615550189279
33.3421440445818
33.1871600355953
33.76480599399656
34.24249403178692
33.21897302521393
33.34843000629917
33.25565200066194
33.12150499550626
33.40975701576099
33.04286295315251
33.2362320041284
33.84402301162481
33.21559599135071
36.182437965180725
33.39413402136415
33.439649967476726
33.40667800512165
33.711239986587316
33.63342798547819
32.986745005473495
34.2194740078412
33.662907022517174
33.751346985809505
32.903557003010064
33.835953974630684
34.750632010400295
35.95231898361817
33.092719968408346
34.014475997537374
33.01439800998196
33.370234014000744
33.40743400622159
33.39067299384624
36.821231013163924
33.2557910005562
33.92678499221802
34.559021005406976
34.47340603452176
33.9042809791863
33.33027003100142
33.22137100622058
33.11937703983858
34.691268985625356
34.45347398519516
35.41812201729044
36.99704498285428
41.354052955284715
40.346510999370366
36.57100099371746
36.157252034172416
33.834944013506174
33.2376379519701
33.95266196457669
34.14561797399074
34.47378001874313
34.481536014936864
40.693367016501725
37.65561804175377
33.709356968756765
33.256237977184355
33.21431303629652
33.094298967625946
33.21233903989196
33.6164939799346
33.578214002773166
33.646628027781844
33.2495309994556
34.56726000877097
33.78984204027802
33.532458008266985
35.484004009049386
39.771667041350156
39.53513503074646
40.65849701873958
34.54384399810806
42.478717979975045
36.232830956578255
33.868958009406924
34.64008297305554
40.83599499426782
33.698161016218364
34.44766200846061
34.07201898517087
33.541298005729914
34.071462985593826
34.177281020674855
33.80969597492367
34.373047994449735
34.20622699195519
34.216806991025805
33.957323990762234
34.70197302522138
34.59748794557527
40.50386999733746
37.021002965047956
41.22097103390843
35.51375900860876
40.089518995955586
35.13124899473041
40.241200011223555
33.826650003902614
33.17800402874127
33.439084014389664
36.524687020573765
33.88780599925667
33.72643701732159
34.16725399438292
38.83278701687232
33.629844954703
33.17990095820278
34.134381043259054
33.15901797031984
33.33528497023508
33.730602997820824
36.045719985850155
33.6260290350765
33.4037400316447
33.329175028484315
33.662014990113676
35.888519953005016
33.26030803145841
33.157119003590196
33.2507670391351
33.522712998092175
35.939026973210275
36.433950008358806
36.61772201303393
35.79143004026264
33.6334080202505
33.46514003351331
33.108728006482124
33.24678202625364
33.15900097368285
36.47243801970035
33.343793998938054
33.3365389960818
33.14646100625396
33.13011396676302
33.44770998228341
35.877921036444604
36.18500201264396
36.032064992468804
35.97446501953527
33.56689802603796
33.25692599173635
33.438582031521946
36.090552050154656
35.966858034953475
33.88904401799664
33.33066502818838
33.40872697299346
33.11960899736732
33.571498992387205
33.9391739689745
33.38113601785153
33.11180602759123
33.16465695388615
33.26226398348808
33.4415509714745
33.29117700923234
33.276511006988585
33.28305599279702
33.13311602687463
33.64043700275943
33.05730200372636
33.259332994930446
33.54828798910603
33.583239011932164
33.886643999721855
33.26411498710513
33.29622000455856
33.16100098891184
33.99070003069937
33.6314850137569
33.359888009727
36.86581098008901
38.437228999100626
33.108261006418616
40.149778011254966
37.121838016901165
33.591179992072284
33.32870197482407
34.183960990048945
33.58059999300167
33.76806701999158
33.69765996467322
33.76982599729672
33.12802000436932
33.92875101417303
33.94711302826181
33.74842501943931
33.258204988669604
33.17647002404556
33.66452601039782
33.344892028253525
36.14870802266523
33.230411005206406
33.33353198831901
33.505434985272586
33.115862985141575
33.20935304509476
33.10226299799979
33.37251296034083
33.423224987927824
32.986967999022454
33.01679604919627
34.86888902261853
32.95954002533108
36.243887967430055
33.16522703971714
33.22459798073396
33.42540800804272
36.70835797674954
34.24934501526877
34.09132396336645
33.64477300783619
33.99230801733211
33.447416964918375
33.18409895291552
33.111483964603394
33.169038011692464
32.91091904975474
33.48097996786237
33.47458498319611
33.42563600745052
33.05403498234227
33.13142101978883
33.090503013227135
33.52573799202219
33.419762970879674
33.37734303204343
33.051302016247064
33.50960899842903
33.27235300093889
33.169989997986704
33.3403610275127
33.14954397501424
33.08877599192783
33.58094400027767
33.20070100016892
33.35316199809313
33.67140796035528
40.7169489772059
39.4667960354127
33.59820501646027
33.25572796165943
33.660259970929474
33.68914104066789
33.62112300237641
33.8071629521437
33.19536102935672
33.09086995432153
33.44386600656435
33.24563900241628
33.36697904160246
33.25074299937114
33.419043000321835
32.96097100246698
36.364044004585594
33.28596998471767
33.38048397563398
33.74638699460775
33.55336200911552
38.076195982284844
33.199332014191896
33.05308002745733
33.370858000125736
33.138976024929434
33.60937599791214
33.164740016218275
33.51823700359091
33.19042199291289
33.42683002119884
33.6700759944506
38.75557001447305
40.22217495366931
33.152854011859745
33.18010596558452
33.39246701216325
33.35527697345242
33.19288499187678
33.03432802204043
33.45761599484831
33.57299696654081
33.15725701395422
33.128309005405754
33.464047010056674
36.170326988212764
33.464004984125495
33.0573910032399
33.1759819528088
33.84346596430987
33.69883098639548
34.020067017991096
33.17583800526336
33.38000096846372
33.16012996947393
33.3734069718048
33.32525701262057
33.88323000399396
33.77433802234009
33.31354103283957
33.349609992001206
33.53865799726918
33.469350019004196
34.09260505577549
38.60383899882436
32.970828004181385
33.76226802356541
34.531670971773565
33.06016296846792
33.10625196900219
33.120721054729074
33.73227996053174
33.14314200542867
32.964069047011435
33.089516044128686
33.270171959884465
37.03473904170096
33.171067014336586
33.47646299516782
32.95770502882078
33.50432502338663
33.15771196503192
33.33076398121193
33.28397200675681
33.31073297886178
33.04895805194974
37.0342789683491
33.65836798911914
33.282945048995316
33.050729951355606
36.63056599907577
33.1099089817144
36.46967199165374
33.23603596072644
33.14028604654595
36.27769200829789
37.137122999411076
36.01452999282628
33.517248986754566
34.732580999843776
36.01480496581644
37.716529972385615
33.21115695871413
33.288633974734694
33.08959800051525
33.25485700042918
33.24961301404983
33.82771700853482
33.65493396995589
33.125547983217984
33.89462799532339
33.60840299865231
33.64142403006554
33.65381294861436
33.197504992131144
33.21415698155761
33.217966032680124
33.03587803384289
33.23714301222935
33.74022000934929
33.74086495023221
33.615371969062835
33.03372400114313
33.46571803558618
33.04721805034205
36.312600946985185
36.82479198323563
35.92366102384403
33.04460702929646
32.958781986963004
33.029776997864246
33.25882996432483
36.49374295491725
33.14717300236225
33.17235299618915
33.09203201206401
36.817021027673036
33.33916200790554
33.298804017249495
33.30379701219499
33.153646043501794
33.17424701526761
33.22876099264249
33.351174963172525
36.99494496686384
42.45052998885512
37.61671995744109
33.88479305431247
33.18920900346711
33.13246095785871
33.16110704327002
33.30125304637477
33.385330985765904
36.71293897787109
33.15554896835238
32.985543948598206
33.18901400780305
33.09279400855303
33.20669900858775
33.00772397778928
33.341228030622005
33.04823499638587
33.54173002298921
33.7144160293974
34.071972011588514
33.45616697333753
37.42962499381974
33.484897983726114
33.8749629445374
40.289450029376894
39.65320298448205
33.253453962970525
33.28662400599569
33.226478029973805
33.10886200051755
33.060830959584564
33.29592203954235
34.32206402067095
34.51878303894773
33.3510180353187
33.39597303420305
33.247258979827166
33.225741994101554
33.65009400295094
33.24455599067733
33.8231100467965
33.35220098961145
33.21774798678234
33.204670005943626
33.52156496839598
33.26071205083281
33.36045698961243
33.31185702700168
33.3765089744702
33.3629900123924
33.27653795713559
