32.54182799719274
18.02263897843659
18.49502103868872
20.39916900685057
20.52849403116852
18.16157397115603
20.1891059987247
19.89566901465878
20.645848009735346
17.783146002329886
19.511527963913977
21.815460990183055
19.694843038450927
17.67776400083676
20.155060978140682
19.90527502493933
17.248362011741847
18.388345022685826
20.58991201920435
17.19312195200473
19.888782990165055
16.991940035950392
17.001172003801912
17.076198011636734
17.09909801138565
16.791065980214626
16.6829579975456
16.74147299490869
18.272730987519026
16.778899007476866
16.933000006247312
16.80468302220106
16.899991023819894
16.805372026283294
16.792104055639356
17.003891989588737
18.566747021395713
17.484946991316974
17.136088979896158
16.835752001497895
16.836769005749375
16.6721889982
16.81505999295041
16.68712601531297
16.736499033868313
16.760055965278298
16.70568302506581
17.172563006170094
17.157068010419607
16.915790969505906
16.934572020545602
16.849716019351035
16.992554010357708
16.884697950445116
16.87440398382023
16.808396962005645
16.827274987008423
16.94818801479414
16.6246080189012
17.09609798854217
16.79843501187861
16.624217038042843
16.756751050706953
16.64963102666661
16.860768024343997
16.833578993100673
16.661490022670478
16.9026690418832
16.680057044140995
16.671110002789646
16.62275701528415
17.031420022249222
16.932374972384423
16.954149992670864
16.67937298770994
16.749770031310618
16.644792980514467
16.785889980383217
23.705177998635918
16.581503965426236
16.828571970108896
16.542097029741853
17.15762901585549
16.971277014818043
16.627867007628083
16.61862200126052
17.159091017674655
16.60136296413839
16.75481698475778
16.64341799914837
16.61148201674223
16.649006051011384
16.667002986650914
16.623208997771144
16.593001026194543
17.08578399848193
16.847858030814677
16.597370035015047
16.60908799385652
16.57822501147166
16.760379017796367
16.558133997023106
16.654299048241228
16.596900997683406
16.78287301911041
16.588975966442376
16.563604993280023
16.973614983726293
16.71511895256117
16.634877945762128
16.588804952334613
16.627049015369266
16.805240011308342
16.5554879931733
16.785139974672347
16.62400900386274
16.665254021063447
16.662036010529846
16.539831005502492
17.160950985271484
16.836005030199885
16.58081595087424
16.74434100277722
16.624856973066926
16.66573202237487
16.582322015892714
16.571057960391045
16.584338969551027
16.68697001878172
16.549171006772667
16.569108003750443
17.029006965458393
16.69343002140522
16.7024580296129
16.569958010222763
16.677288978826255
16.807231993880123
16.692075005266815
16.77416398888454
16.80243998998776
16.776050033513457
16.680836968589574
16.776788979768753
17.206491029355675
16.793640970718116
16.86166797298938
16.993867000564933
16.63960498990491
17.05441001104191
16.71619201079011
16.732906980905682
16.712632030248642
16.95224700961262
16.747065004892647
16.817017982248217
16.96733303833753
16.852157015819103
16.92491298308596
16.804475977551192
16.546936007216573
16.940212983172387
16.698651015758514
16.900428978260607
16.709007031749934
16.72448799945414
16.673860023729503
16.780560021288693
17.0768839889206
17.124689009506255
16.975842998363078
16.769670008216053
16.60894398810342
16.699280007742345
17.047638015355915
16.97327400324866
16.639867040794343
16.914427978917956
16.897428955417126
16.990436997730285
16.922626993618906
16.600875998847187
16.62672800011933
17.022945976350456
16.766893037129194
16.938354005105793
16.873412998393178
16.999171988572925
16.844945028424263
16.743475978728384
16.65963197592646
16.82855695253238
16.962989990133792
16.98437100276351
16.727682028431445
16.737167024984956
16.64696296211332
16.605994023848325
16.657907981425524
16.72340399818495
16.814569011330605
16.88002102309838
16.69377594953403
16.83329202933237
17.11436203913763
16.693963028956205
16.648363962303847
16.976710001472384
16.59899903461337
16.66283095255494
16.626538010314107
16.980771033558995
16.72448997851461
16.694532008841634
16.7013059835881
16.712525975890458
16.977338993456215
16.80369599489495
16.74236002145335
16.692958015482873
16.699679021257907
16.724829038139433
16.70427102362737
16.79462502943352
16.70349296182394
16.776700038462877
16.698189021553844
16.74755703425035
16.99456904316321
16.898160974960774
16.67252799961716
16.67573896702379
16.666633018758148
16.794666997157037
16.751847986597568
16.86457497999072
16.71056402847171
16.71644300222397
16.680481960065663
16.704587964341044
17.181092989630997
16.876076988410205
16.671025019604713
16.88768999883905
16.646679025143385
16.575916029978544
16.561242984607816
16.790746012702584
16.601227049250156
17.001591972075403
16.737224999815226
16.859953000675887
17.035388038493693
16.706056019756943
16.749737958889455
17.020812025293708
16.84929704060778
16.74148900201544
16.894543019589037
16.803420963697135
16.673282021656632
16.62900799419731
16.58613601466641
19.443242985289544
17.02611899236217
16.722355037927628
16.681772016454488
16.840054013300687
16.709764022380114
16.613412008155137
16.648536024149507
16.757648962084204
16.565663972869515
16.72938698902726
16.75011799670756
16.809994005598128
16.947690048255026
16.598855960182846
16.81412401376292
16.831841960083693
16.71939599327743
16.906465985812247
16.711251984816045
17.06082100281492
16.817106981761754
16.831513959914446
16.73774200025946
16.81120996363461
17.32396800071001
16.989805037155747
23.968797002453357
16.99691900284961
16.753475996665657
16.921492002438754
16.605785000137985
16.892766987439245
16.830202017445117
16.932916012592614
16.852208005730063
16.965547984000295
17.061299993656576
16.718177997972816
16.57363201957196
16.746422043070197
16.721440013498068
16.966121969744563
16.873924003448337
16.97389699984342
16.582286974880844
16.624231997411698
16.549238993320614
16.634402971249074
16.86886401148513
17.15883397264406
16.92138600628823
16.956884996034205
16.828719002660364
16.77968801232055
16.79548597894609
16.87188498908654
16.822046018205583
16.746279026847333
16.64639898808673
16.857671027537435
17.08857697667554
16.690833028405905
16.638464003335685
16.625938995275646
16.667395015247166
16.924793017096817
16.70598500641063
16.82732900371775
16.71838096808642
16.604036965873092
16.555187990888953
16.74941898090765
16.85489498777315
16.717714024707675
16.65298902662471
16.76778501132503
16.62772399140522
16.627077013254166
16.545240010600537
16.982139961328357
16.570552019402385
16.682120971381664
16.72722795046866
16.962894005700946
16.92712598014623
17.102419049479067
16.684441012330353
16.75335702020675
16.555895970668644
16.76203403621912
17.066441010683775
17.085522005800158
16.735452052671462
16.793465008959174
16.89394499408081
16.825754020828754
17.296390025876462
16.74828300019726
16.66894502704963
16.686556045897305
16.92130195442587
16.70951204141602
16.701620013918728
16.769411973655224
16.79739903192967
16.65776700247079
16.74736599670723
16.7598879779689
17.042096995282918
16.609113023150712
16.93153503583744
16.754812037106603
16.609309008345008
16.817694006022066
16.827652987558395
16.986360016744584
16.779088997282088
16.599365044385195
16.55343599850312
16.74011704744771
16.937772976234555
16.746442997828126
16.772589995525777
16.845223028212786
16.69138902798295
16.589531034696847
23.939184960909188
16.72456500818953
16.683006018865854
16.931472986470908
16.80194999789819
16.814423026517034
16.896566026844084
16.901477007195354
16.85573998838663
16.921671049203724
16.789477958809584
16.957689018454403
16.774480987805873
16.786715015769005
16.71249797800556
16.78747101686895
16.820596007164568
16.94159599719569
17.116751987487078
16.68057998176664
16.878979979082942
16.849675972480327
16.871403029654175
16.731365001760423
16.591065970715135
16.766536980867386
16.554831992834806
18.473014992196113
16.685661976225674
16.762620012741536
17.10593601455912
16.702687018550932
16.819029988255352
17.042799037881196
16.87104703160003
16.762607963755727
16.66273904265836
16.710743017029017
16.644013987388462
20.67623403854668
16.795445000752807
16.765557986218482
17.01562001835555
16.749606002122164
16.701243992429227
16.756938013713807
16.63412497146055
16.636891989037395
16.64194097975269
16.74315199488774
16.654472972732037
16.675506019964814
17.71442499011755
16.764339001383632
17.140277021098882
16.686784976627678
16.632001963444054
16.858721966855228
16.687135968822986
17.017214035149664
16.749184986110777
16.774242976680398
16.65239199064672
16.759212012402713
16.812705027405173
16.852363012731075
16.8882780126296
16.7526209843345
16.76164398668334
16.80631301132962
16.68218697886914
16.6621949756518
16.665641975123435
16.833795001730323
16.584287979640067
16.69361599488184
16.721830004826188
16.79885695921257
16.968656971585006
16.73256396315992
16.611018974799663
16.6820379672572
16.625893011223525
16.755823977291584
16.865139012224972
16.86373900156468
16.57315401826054
16.67944499058649
16.750901006162167
16.73691696487367
17.182998009957373
16.81214798009023
16.69710600981489
16.75881800474599
16.597342968452722
16.65943901753053
16.534102032892406
16.65001001674682
16.6316709946841
16.73092198325321
16.824871010612696
16.801014018710703
16.903516021557152
16.745771979913116
16.605454962700605
16.686332994140685
16.61940000485629
16.794408031273633
16.696614038664848
16.823776008095592
16.571230022236705
16.68725803028792
16.534036956727505
16.724029963370413
16.934724990278482
16.869092010892928
16.76653401227668
16.760774014983326
16.710484051145613
16.70232304604724
16.721341002266854
16.717983002308756
16.618135035969317
16.84748602565378
16.682184010278434
16.78103400627151
17.096370982471853
16.66036999085918
16.695554018951952
16.76358497934416
16.5484530152753
16.879970964509994
16.581267991568893
16.707482980564237
16.619377012830228
16.581615956965834
16.535367001779377
16.653441009111702
16.738671984057873
16.91230299184099
16.628169978503138
16.86830702237785
16.568338964134455
16.595729044638574
16.600173024926335
16.70812303200364
16.57469500787556
16.73077401937917
16.65140502154827
16.74269698560238
16.98792801471427
16.691444034222513
16.668300959281623
16.767980996519327
16.781184007413685
19.3524049827829
19.233719038311392
19.305858004372567
19.140517979394644
19.740153977181762
19.255251972936094
19.2357930354774
19.490605976898223
19.38013400649652
19.34172899927944
19.430471991654485
19.244964001700282
19.269986951258034
19.394877017475665
19.254295038990676
19.232596969231963
19.301388005260378
19.152010965626687
19.436685019172728
19.50474502518773
19.159215036779642
19.157285045366734
19.182347983587533
19.142638018820435
19.37949995044619
19.36089899390936
19.42085602786392
19.24194599268958
16.677299980074167
19.961878017056733
20.14348900411278
17.0044630067423
16.761793987825513
16.94687199778855
16.797317017335445
16.683978959918022
16.69519703136757
16.65186299942434
17.03483099117875
16.67955401353538
19.72085703164339
17.010255018249154
17.52741902600974
21.713084017392248
16.677257022820413
16.611280967481434
16.91379997646436
16.593615990132093
16.831526008900255
16.7001310037449
16.74053497845307
16.849162988364697
16.739213024266064
21.187322039622813
17.01910304836929
17.245261988136917
20.411728008184582
19.426824990659952
19.398926000576466
19.285412970930338
19.22465901589021
19.095249008387327
19.264410017058253
16.76600199425593
16.682881978340447
16.769023030065
16.964279988314956
17.139589006546885
17.037762969266623
16.807017964310944
16.793381015304476
16.585011035203934
16.701304994057864
16.674595011863858
16.860242001712322
16.68450701981783
16.850124986376613
16.503510996699333
16.69073197990656
17.130685038864613
16.97989203967154
16.809994995128363
16.825172991957515
16.752756957430393
16.58287103055045
16.560408985242248
16.736784018576145
16.600973962340504
16.80245401803404
16.730669944081455
16.694356978405267
17.18488399637863
16.718801052775234
16.688968054950237
16.741149011068046
16.595829976722598
16.73341798596084
16.595925961155444
16.734191973228008
16.67667704168707
16.599623020738363
16.584200959187
16.671331017278135
16.999182000290602
17.248613003175706
16.843140998389572
16.899763024412096
16.792927985079587
16.95532799931243
16.8804710265249
17.00524298939854
16.804260027129203
16.78046997403726
17.05180702265352
16.741819970775396
17.036828969139606
16.818598029203713
16.637630003970116
16.8572329566814
16.646828036755323
16.776549979113042
16.664224967826158
16.642411006614566
16.67687902227044
16.77049498539418
16.637496009934694
16.811267007142305
16.790055960882455
17.0658040442504
17.257642990443856
16.984773974400014
16.70141494832933
16.69629302341491
16.682053974363953
17.008728988002986
16.702711989637464
16.860205971170217
16.705952992197126
16.999621991999447
17.12754095206037
16.709353018086404
16.585798002779484
16.779423982370645
16.600225993897766
16.859604977071285
16.7280129971914
16.633534978609532
16.798508004285395
16.734117991290987
16.649483994115144
16.965991002507508
17.013037053402513
16.84223400661722
16.868755978066474
16.9047910021618
16.995728015899658
16.663749993313104
16.742697975132614
16.822092002257705
16.59804699011147
16.735690005589277
16.65354799479246
16.675363993272185
16.96278597228229
16.651618003379554
16.72603900078684
16.87236496945843
16.56752999406308
16.896279994398355
16.716473968699574
16.718773054890335
16.66303799720481
16.64809003705159
16.582399955950677
16.95384702179581
17.044298991095275
16.851624997798353
16.726993955671787
16.965495015028864
16.69078995473683
16.678765998221934
16.745165979955345
16.757079982198775
16.734077013097703
16.713377030100673
16.839874035213143
16.849806997925043
17.018490994814783
16.899246955290437
16.645725001581013
16.778613964561373
16.546069004107267
16.76412799861282
16.69583801412955
16.70098304748535
16.647025011479855
16.67133398586884
16.746364010032266
16.870437015313655
17.056192038580775
16.857554030139
16.732664953451604
16.72974496614188
16.738286009058356
17.08459499059245
16.833267989568412
16.810664965305477
16.493914008606225
16.82366302702576
16.879205009900033
16.760602011345327
19.54182196641341
16.689273994416
16.864953038748354
16.975299979094416
16.846833983436227
16.82566403178498
16.692899982444942
17.05172099173069
16.701671003829688
16.601786017417908
16.586228040978312
16.677537001669407
16.99737395392731
16.77848002873361
16.798250027932227
16.77302800817415
16.73463999759406
16.737503989133984
16.887531033717096
16.710994008462876
16.66988100623712
16.67770999483764
17.18650700058788
16.80128596490249
17.04318798147142
16.6431829566136
16.6164530091919
16.851154970936477
16.67217700742185
16.78856398211792
16.692308010533452
16.855818044859916
16.756716009695083
16.633299994282424
16.693996964022517
16.755503020249307
16.97771402541548
16.791562957223505
16.76470198435709
16.845028032548726
16.703220026101917
16.68621296994388
16.61999599309638
16.809467982966453
16.683190013282
16.92749303765595
16.764351981692016
16.87407202553004
17.07810105290264
16.682914982084185
16.57659199554473
16.763450985308737
16.666091047227383
16.7464769911021
16.679318971000612
16.719489998649806
16.605005017481744
16.726863977964967
16.59966103034094
16.816529037896544
17.022993008140475
17.012197989970446
16.646851028781384
16.70750300399959
16.573514963965863
16.750018985476345
16.548045037779957
16.722798987757415
16.54894696548581
16.707544040400535
16.564165998715907
16.692009987309575
16.984070010948926
16.821818018797785
16.57431002240628
16.838659008499235
16.749365022405982
16.875688976142555
16.776732983998954
16.871038998942822
16.606812016107142
16.892203013412654
16.593931999523193
16.70963497599587
16.888657002709806
16.937576001510024
16.818611009512097
16.772706003393978
16.58860396128148
16.84046199079603
16.73258002847433
16.980300017166883
16.65880501968786
17.01957796467468
16.702450055163354
16.685444046743214
17.08457403583452
16.781469981651753
16.904322954360396
16.963891976047307
16.782486985903233
16.72498998232186
16.759843041654676
16.71032898593694
16.614782973192632
16.678778978530318
16.628353972919285
16.925321950111538
17.02289195964113
16.880261013284326
16.78458898095414
16.825746977701783
16.704950015991926
16.705725982319564
16.74980396637693
16.793303017038852
16.610072983894497
16.845286008901894
16.75520301796496
16.738129022996873
16.844585014041513
16.872805019374937
16.879195056390017
16.628675046376884
16.565397032536566
16.739326994866133
16.78601000458002
16.881893971003592
16.706552007235587
16.684656031429768
16.689829993993044
16.734684992115945
17.041725979652256
16.78242499474436
16.762605984695256
16.89949695719406
16.68244495522231
16.745855973567814
16.685325012076646
16.83300599688664
16.6225970024243
16.693799989297986
16.653624013997614
16.686255985405296
17.043153988197446
16.61894202698022
16.562156029976904
16.82149904081598
16.639073030091822
16.69270300772041
16.711183998268098
16.751193965319544
16.69159298762679
16.612406994681805
16.690658987499774
16.984207031782717
17.01327197952196
17.228904995135963
16.89734699903056
16.910804028157145
16.861031006556004
16.636552987620234
16.737285011913627
16.825566010084003
16.684671980328858
16.685243987012655
16.706950962543488
16.72096602851525
17.222683993168175
16.867774014826864
16.85530401300639
16.944376984611154
16.768168017733842
16.8664789525792
16.721754043828696
16.702715947758406
16.636679996736348
16.618067980743945
16.63574401754886
16.784777981229126
17.06878701224923
16.791482048574835
16.792137001175433
16.70357503462583
16.7857040069066
16.672747035045177
16.845759993884712
16.835179994814098
16.671146033331752
16.70644001569599
16.684649046510458
16.7032330064103
17.14060502126813
19.70651204464957
16.79567899554968
16.75926597090438
16.631615988444537
16.979036037810147
16.787923988886178
17.06088799983263
16.887139005120844
16.572900989558548
16.985115013085306
16.82830898789689
17.00093800900504
16.7390140122734
16.778991965111345
16.915955988224596
16.739226004574448
16.609185026027262
16.67037099832669
16.80418400792405
16.72271703137085
16.751011018641293
16.809627995826304
16.863954020664096
17.039085971191525
16.7885179980658
16.87779201893136
16.795641975477338
16.69773500179872
16.940278990659863
17.036038043443114
16.992741031572223
16.690893040504307
16.699999978300184
16.627029050141573
16.8649050174281
16.981685010250658
16.858270042575896
16.726580972317606
16.837997012771666
16.682882967870682
16.637205029837787
16.688479983713478
16.74279203871265
16.608654987066984
16.836802999023348
16.762682993430644
16.813751950394362
17.065118008758873
16.730722971260548
16.662572044879198
16.950185992754996
16.63027796894312
16.791373025625944
16.666221024934202
16.8541920138523
16.710011987015605
16.645127965603024
16.64444198831916
16.706321970559657
16.882503987289965
16.964916023425758
16.649847966618836
16.67355396784842
16.581531963311136
16.727526031900197
16.657898027915508
16.676059982273728
16.605045995675027
16.760169994086027
16.652613994665444
16.702811000868678
16.976977000012994
16.736757999751717
16.556002025026828
16.76750899059698
16.56982902204618
16.773156996350735
16.588316997513175
16.679009015206248
16.59181504510343
16.631925012916327
16.554934030864388
16.690100950654596
16.857871029060334
17.007944989018142
16.664247028529644
16.69199002208188
16.811263049021363
16.548056970350444
16.571541025768965
16.645291994791478
16.66281296638772
16.87560696154833
16.734945005737245
16.785786021500826
16.916650987695903
16.84683602070436
16.780491976533085
16.874997003469616
16.802550002466887
17.179066024255008
16.9078329927288
16.74817898310721
16.792007023468614
16.856710019055754
16.907815006561577
16.956740990281105
16.84329198906198
16.717180027626455
16.767129010986537
16.81906101293862
18.820248951669782
16.75383804831654
16.602607967797667
16.762274026405066
16.76084700739011
16.923210001550615
16.63618301972747
16.826639999635518
16.998546023387462
16.69985195621848
16.683592984918505
16.741504019591957
16.579446964897215
16.90886600408703
17.069099005311728
16.92050800193101
16.70443796319887
16.714616038370878
16.906221979297698
16.724122979212552
16.78575499681756
16.998560982756317
16.797708987724036
16.81230601388961
16.80567901348695
16.68712595710531
16.716393001843244
16.814973030705005
16.76840300206095
16.987848037388176
16.745337983593345
16.741545987315476
17.153191030956805
16.7806509998627
16.63917495170608
16.91322901751846
16.74613100476563
16.66835101787001
16.68892102316022
16.690652002580464
16.646926989778876
16.695889993570745
16.699039028026164
16.799254983197898
17.070223984774202
17.032646050211042
16.695912985596806
16.732997028157115
16.66343997931108
16.74573903437704
16.661412955727428
16.759254038333893
16.52491802815348
16.816910996567458
16.703934990800917
16.716173035092652
17.000601976178586
16.845565987750888
16.67513098800555
16.676458006259054
16.557374969124794
16.80409297114238
16.817227005958557
16.88323897542432
16.85728196753189
16.813097987324
16.654690029099584
16.76233997568488
16.98400900932029
16.756401979364455
16.704412002582103
16.76040602615103
16.642022994346917
16.71968400478363
16.718972998205572
16.79419697029516
16.67324098525569
16.74382999772206
16.722895030397922
16.773461014963686
17.041496001183987
16.757408971898258
16.683436988387257
17.0014770119451
16.634992964100093
18.002781958784908
16.67508704122156
16.723051958251745
16.68733195401728
17.222022055648267
16.724975022953004
16.77448401460424
16.936981002800167
17.205752956215292
16.99169195489958
17.10220501990989
16.673121019266546
16.865229001268744
17.01967098051682
16.975438978988677
16.63760101655498
16.943805967457592
16.844580008182675
17.04038499156013
17.087515036109835
16.92624599672854
16.667524992953986
17.031788011081517
16.706675000023097
16.7845799587667
16.768194967880845
16.781293030362576
16.719201987143606
16.662848996929824
16.888141981326044
16.823283047415316
16.90551795763895
16.683399968314916
17.24210800603032
16.843863006215543
16.673773992806673
16.651378013193607
16.652135993354023
16.867528029251844
16.693613957613707
16.770626010838896
16.68739801971242
16.778352961409837
16.988433024380356
16.699368017725646
16.594476997852325
16.779586032498628
16.65271003730595
16.924116003792733
16.907794983126223
16.91937498981133
16.651435988023877
16.630853002425283
16.595705004874617
16.744656022638083
17.015547957271338
16.84897398808971
16.688701987732202
19.494262989610434
19.32845002738759
19.268668023869395
19.301783991977572
19.24853801028803
19.181174982804805
19.225511990953237
19.188036967534572
19.335413991939276
19.483766984194517
19.30300600361079
19.195441971533
19.266863993834704
19.17607302311808
19.31847695959732
19.287163973785937
19.363939005415887
19.263377995230258
19.136955961585045
19.215664942748845
19.39750596648082
19.614438991993666
19.37464898219332
19.293460994958878
19.34504200471565
19.23459704266861
19.186521996743977
19.217377994209528
19.268974021542817
19.219719048123807
19.396861956920475
19.28294001845643
19.369415007531643
19.52379895374179
19.195834989659488
19.249847973696887
19.338555983267725
19.271338009275496
19.330533978063613
19.271788012702018
19.356244010850787
19.28994501940906
19.162828975822777
19.254939979873598
19.295134989079088
19.56201298162341
17.71247701253742
16.989675990771502
16.799867036752403
16.667305026203394
16.647058015223593
17.15623796917498
16.8672589934431
16.682028013747185
16.59030100563541
16.850969986990094
16.993636963889003
17.055041040293872
16.732960008084774
16.699139960110188
16.864590987097472
16.70907501829788
16.68300398159772
16.708550974726677
16.92748599452898
16.69270097045228
16.585407021921128
16.711861011572182
16.78835100028664
16.96475496282801
17.04881398472935
17.109106003772467
16.821894969325513
16.82140794582665
16.713013988919556
17.168224963825196
17.005639034323394
16.842103970702738
16.922492999583483
16.86558296205476
17.00875599635765
17.268420953769237
16.79801900172606
16.8689499842003
17.222405993379653
16.681176028214395
16.609150974545628
16.883256030268967
16.690622025635093
16.823195037432015
16.723600041586906
16.837692994158715
16.92507800180465
17.047765955794603
16.770849004387856
16.82315196376294
16.71210100175813
16.938298009335995
17.18855299986899
16.652018995955586
16.816517047118396
16.629774996545166
16.63472200743854
16.60464605083689
16.59944700077176
17.156852001789957
16.91434602253139
16.637731983792037
16.826927021611482
16.566041973419487
16.580444993451238
16.65281696477905
16.767690947744995
16.62277599098161
16.912165971007198
16.686273040249944
16.69848198071122
16.868737991899252
16.65952999610454
16.563053999561816
17.02540199039504
16.608271980658174
16.714458994101733
16.74937701318413
16.649550991132855
16.74068800639361
16.57859602710232
16.739840968512
16.996376041788608
17.068415007088333
17.003284010570496
16.716245969291776
16.695457976311445
16.612005012575537
16.538955038413405
16.602273972239345
16.84157195268199
16.747417976148427
16.923958028201014
16.870480962097645
16.914559004362673
17.08525198046118
16.723227978218347
16.637577034998685
16.763262974563986
16.78272901335731
20.850514993071556
16.777288983576
16.687037015799433
16.632928047329187
16.61276601953432
16.88146498054266
16.720883024390787
16.785031009931117
16.68795000296086
16.96345501113683
16.755232005380094
16.62746799411252
16.690001997631043
16.639506036881357
16.804175975266844
16.678985964972526
16.734328004531562
16.72913698712364
16.793078975751996
16.974800964817405
16.98886597296223
16.848063038196415
17.04963098745793
16.768208995927125
17.016710015013814
16.91094000125304
16.927181044593453
16.909620026126504
16.81736600585282
19.436019007116556
19.308565999381244
19.627611036412418
19.322294043377042
19.373729010112584
19.299876992590725
19.274765974842012
19.158668001182377
19.253575010225177
19.216810003854334
19.24944296479225
19.296459038741887
19.163328979630023
19.265460956376046
19.425370963290334
19.301526015624404
19.299842009786516
19.266331975813955
19.24767397576943
19.421502016484737
19.206861034035683
19.308224029373378
19.260678032878786
19.22592002665624
19.313626980874687
19.42593400599435
19.587916031014174
19.423403951805085
19.30903800530359
19.356704025994986
19.23784997779876
19.28513200255111
19.24446999328211
19.320484017953277
19.155177986249328
19.383047008886933
16.62440103245899
19.309851981233805
19.477082998491824
19.20028601307422
19.383737992029637
19.3267889553681
19.252215046435595
19.40530596766621
19.314434961415827
19.587145012337714
19.308495975565165
19.27191496361047
19.358838035259396
19.324549997691065
19.51580197783187
19.323927990626544
19.29277100134641
19.31302499724552
19.216621993109584
16.655431012623012
16.651843034196645
16.792281006928533
16.70297497184947
16.660391993355006
16.78410603199154
16.72046195017174
17.288184026256204
16.66620298055932
16.71240001451224
16.79659099318087
16.648219025228173
16.648075950797647
16.691320983227342
16.74930501030758
16.713232034817338
17.10607297718525
16.805146995466202
16.822325997054577
16.967959003522992
17.18637702288106
16.90423401305452
16.793584043625742
16.741874045692384
16.62948203738779
16.96395396720618
16.803973994683474
16.75212202826515
16.765184001997113
16.677209991030395
16.88435801770538
17.058506957255304
16.759865975473076
16.639708017464727
16.796816023997962
16.68759499443695
16.781204962171614
16.787812986876816
16.815656039398164
16.730414994526654
16.791020054370165
17.10469799581915
17.035159980878234
17.11374899605289
16.858290997333825
19.404524005949497
19.34999699005857
19.25954601028934
19.22148297308013
19.25940701039508
19.40085901878774
19.26026400178671
16.80962002137676
16.68751100078225
16.761724022217095
16.922109003644437
16.71135303331539
16.67465700302273
16.76629000576213
16.635604959446937
16.82553195860237
16.717901977244765
16.754645970650017
16.679332009516656
16.572506981901824
16.66432904312387
16.66801201645285
17.069797031581402
16.832718974910676
16.7286999640055
17.05151901114732
16.892093990463763
16.758689016569406
16.829768021125346
16.87045703874901
16.8210249976255
16.708139039110392
16.62167999893427
16.767335997428745
17.06793502671644
16.96603198070079
16.563265002332628
16.834207985084504
16.5469900239259
16.748347028624266
16.612772014923394
16.658786975312978
16.691584954969585
16.650546982418746
16.573274973779917
16.892920015379786
17.063400999177247
16.889791004359722
16.89372002147138
16.715545032639056
16.855080029927194
16.85469801304862
16.74670702777803
16.94355596555397
16.682981979101896
16.794718976598233
16.60903199808672
16.979057050775737
17.09389896132052
16.710080963093787
16.565444006118923
16.776108008343726
16.79195399628952
16.884055046830326
16.62057900102809
17.00782304396853
16.88238704809919
16.51465002214536
16.514199960511178
16.616780019830912
16.72584400512278
17.113125999458134
16.66685100644827
16.974147991277277
16.66070701321587
16.595002030953765
16.714620986022055
16.7472290340811
16.600921982899308
16.74443605588749
16.782277962192893
16.854778048582375
17.026790010277182
16.70509297400713
16.595865017734468
16.768153000157326
16.612178995274007
16.69777202187106
16.66811597533524
16.817285970319062
16.68911095475778
16.67205902049318
16.596116998698562
16.718042024876922
16.832520021125674
16.966445022262633
16.787971020676196
16.978828003630042
16.568444960284978
16.561280004680157
16.896699962671846
16.906322038266808
16.602925024926662
16.76375698298216
16.632109007332474
16.8110040249303
16.911341983359307
16.808255983050913
16.62051898892969
16.76554698497057
16.585431003477424
16.683920985087752
16.608836012892425
16.725399007555097
16.68935699854046
16.639908018987626
16.606107004918158
16.69870998011902
16.911874001380056
16.659596003592014
16.62929798476398
16.699940024409443
16.625467978883535
16.539382049813867
16.51552802650258
16.712411015760154
16.55818399740383
16.614285996183753
16.638036002404988
16.788119974080473
16.965567017905414
16.568745020776987
16.578918031882495
16.656353953294456
16.514247050508857
16.807775013148785
16.70111302519217
16.751314979046583
16.672005003783852
16.59313403069973
16.577319998759776
16.67257002554834
17.072626971639693
16.733491967897862
16.587670019362122
16.763563035055995
16.665868985000998
16.56090799951926
16.592854051850736
16.887450008653104
16.752547991927713
16.66036801179871
16.669553995598108
16.811611014418304
17.078525037504733
16.80331298848614
16.786898020654917
16.87051897170022
16.720408981200308
16.869208018761128
16.881146002560854
16.903240990359336
16.71332004480064
16.648399003315717
16.5479930001311
16.722659987863153
16.91327098524198
16.821045021060854
16.655647021252662
16.64609502768144
16.61739603150636
17.03093998366967
16.640050045680255
16.69005601434037
16.566006001085043
16.805852006655186
16.781324986368418
16.74902200466022
16.919296991545707
16.586259996984154
16.702340974006802
16.766253975220025
16.644778952468187
16.780393954832107
16.674979007802904
17.020060040522367
16.70903997728601
16.590024053584784
16.56106603331864
16.781134996563196
16.810441971756518
16.852250031661242
16.772581031545997
16.69414498610422
16.68711903039366
16.75887597957626
17.11566897574812
16.76109997788444
16.609482001513243
16.58917695749551
17.125957005191594
16.712180979084224
17.01745600439608
16.870956984348595
16.520905948709697
16.82261802488938
16.635417006909847
16.70034899143502
16.730935021769255
16.71263703610748
16.56653400277719
16.51602704077959
16.563376993872225
16.603494994342327
16.827408981043845
16.822097008116543
16.60549803636968
16.759541002102196
16.53228502254933
16.509616980329156
16.601735958829522
16.67243300471455
16.622374998405576
16.772900999058038
16.563304990995675
16.837394970934838
16.879334987606853
16.611950006335974
16.659124987199903
16.672412981279194
16.609380021691322
16.791305039077997
16.567737970035523
16.769048990681767
16.554061963688582
16.63574099075049
16.63359097437933
16.63420896511525
17.05836202017963
16.797671967651695
16.68436301406473
16.825742030050606
16.629023011773825
16.629813995677978
16.63538400316611
16.848360013682395
19.291752949357033
19.316570018418133
19.20716802123934
19.43865598877892
19.573126977775246
19.191277970094234
19.205981981940567
16.73196704359725
16.64519199403003
16.876268957275897
16.630728961899877
16.760603000875562
16.609906975645572
16.559503972530365
16.628240991849452
16.666176030412316
17.084527004044503
17.0330090331845
16.699501022230834
17.340362013783306
16.737386991735548
16.76268200390041
16.52371499221772
16.643084993120283
16.55410201055929
19.551868026610464
19.254504004493356
19.291657023131847
19.55839100992307
19.233952974900603
19.379121018573642
16.956951993051916
16.754833981394768
16.726148023735732
17.04915298614651
16.758055018726736
16.686994989868253
16.67217502836138
16.610448015853763
16.89513400197029
17.388221982400864
16.77619805559516
16.951101017184556
17.115338006988168
16.729185008443892
16.757848963607103
16.89083402743563
16.965770977549255
16.698381979949772
16.895098029635847
16.883142001461238
16.96442801039666
17.239919980056584
16.871203028131276
16.953448997810483
16.97610702831298
16.831080021802336
17.004018009174615
16.86203299323097
17.00950996018946
16.67733199428767
16.683063993696123
16.673238016664982
16.807724023237824
16.99332898715511
16.964361013378948
16.868103004526347
16.92240999545902
16.84136298717931
16.77408698014915
16.67614100733772
16.83160598622635
16.69207902159542
16.658937965985388
16.71912899473682
16.768777975812554
16.94533502450213
16.6496200254187
16.668284020852298
16.97454502573237
16.845651960466057
16.763532010372728
16.69739803764969
16.76591398427263
16.70167496195063
16.684330999851227
16.65202499134466
16.881121962796897
16.955491970293224
16.93351601716131
16.71524898847565
16.957779007498175
16.850685002282262
16.72921300632879
16.635254956781864
16.970836964901537
16.641805006656796
16.906242992263287
16.844896017573774
16.996294958516955
17.024611006490886
16.878569964319468
16.85814803931862
16.75191696267575
16.6287689935416
16.68378198519349
16.62958099041134
16.921412956435233
16.852883039973676
16.848932951688766
16.84206898789853
16.767453984357417
16.875858011189848
16.99098595418036
16.87620097072795
16.92487800028175
16.672244993969798
16.614601016044617
16.856989997904748
16.82867098134011
16.65393600706011
16.742982028517872
16.667620977386832
16.777184966485947
17.198126995936036
16.986712988000363
16.688622010406107
16.78583404282108
16.669049044139683
16.771176015026867
16.997675003949553
16.833728994242847
16.674309968948364
16.646545962430537
16.96377800544724
16.82261604582891
17.159921990241855
16.73540100455284
16.58895000582561
16.906681994441897
16.629720979835838
16.72048302134499
16.845420992467552
16.729505034163594
16.654342005494982
16.736881982069463
16.781850019469857
16.812005022075027
17.033181968145072
16.703103960026056
16.85681799426675
16.99884596746415
16.664072987623513
16.80251199286431
16.921661037486047
16.91372797358781
16.82831795187667
16.80648699402809
16.785475017968565
16.855422989465296
17.052971001248807
16.838189971167594
16.6772740194574
16.763574967626482
16.56554697547108
16.58719702390954
16.616118955425918
16.976837010588497
16.818575968500227
16.69695501914248
16.735796991270036
16.770959016866982
16.98429201496765
16.80555602069944
16.82422199519351
16.972012992482632
16.6332779917866
16.721815976779908
16.649863042403013
16.853942011948675
16.657969972584397
16.486474021803588
16.583557007834315
16.725268971640617
16.812351008411497
16.872589010745287
16.667857009451836
16.82509301463142
16.652935999445617
16.72734395833686
16.615186992567033
16.758827958256006
16.60853502107784
16.7057869839482
16.62108104210347
16.688853967934847
16.929630015511066
16.753921983763576
16.79257699288428
16.974825004581362
16.77060400834307
16.715950972866267
16.840650991071016
16.85472804820165
16.832052962854505
16.789390007033944
16.566319041885436
16.688294999767095
16.726793022826314
16.893866006284952
16.75559999421239
16.755957971327007
16.648191027343273
16.719457984436303
16.521593963261694
16.751190996728837
16.659578017424792
16.95783104514703
16.632356971967965
17.001339001581073
16.933102975599468
16.628990997560322
16.653046011924744
16.77483000094071
16.69077097903937
17.419053008779883
16.76378701813519
16.954914026428014
16.646759991999716
16.886490979231894
17.39159395219758
17.0494900085032
16.85731002362445
16.97580801555887
16.90371095901355
16.70764503069222
16.854609013535082
16.64613204775378
16.761959996074438
16.720474988687783
16.581681033130735
16.74187002936378
16.56473899492994
16.743612999562174
16.91791001940146
16.593407024629414
16.7084900313057
16.670801036525518
16.58743596635759
16.781531972810626
16.678473039064556
16.864203033037484
16.650662990286946
16.52179501252249
16.768105037044734
16.64882496697828
16.970603028312325
16.870214021764696
16.78438700037077
16.70212100725621
16.677650972269475
16.72013697680086
16.78288698894903
16.651796002406627
16.625364951323718
16.70634903712198
16.528701002243906
16.709827003069222
17.012814001645893
16.815605980809778
16.7589689954184
16.81901898700744
16.591463005170226
16.716950049158186
16.539523960091174
