43.62055304227397
38.26833097264171
41.9481560238637
101.81491705588996
81.81222900748253
121.33513699518517
53.73077199328691
33.277223992627114
35.02203896641731
39.96887902030721
79.69739101827145
100.43661296367645
121.85363098978996
158.85878197150305
162.24457800853997
199.67109599383548
219.54687096877024
239.11475500790402
257.7053710119799
175.78015598701313
78.96264700684696
33.11601997120306
36.59866098314524
39.377748034894466
33.625825017225
33.25903997756541
33.6768789566122
33.28278800472617
33.5398479946889
38.615936995483935
38.70153898606077
41.59691504901275
79.71969700884074
98.60768000362441
33.48669997649267
33.488309010863304
33.64866197807714
34.38667696900666
33.48323400132358
33.10957603389397
33.48023700527847
33.096887986175716
33.435069024562836
33.637605025433004
33.662786008790135
33.21323700947687
33.61358301481232
33.284291974268854
33.75802002847195
33.22797600412741
33.797809039242566
38.72632799902931
42.20041399821639
62.09437397774309
82.0817620260641
101.6114930389449
121.71013496117666
141.5172340348363
160.60876596020535
177.22669400973246
94.51472299406305
33.25312398374081
33.67753798374906
33.568073995411396
33.454994030762464
33.07908994611353
33.44415198080242
33.09065103530884
33.58778898837045
38.602695974987
42.025793984066695
62.276162032503635
82.70715503022075
102.13015699991956
121.15026696119457
96.69712302275002
33.48542598541826
33.54647598462179
33.58451399253681
38.66649098927155
42.29798703454435
62.138141016475856
98.924269026611
102.21807396737859
138.84488999610767
142.2846780042164
73.53683200199157
33.210263994988054
38.92758599249646
33.14445202704519
33.62797503359616
33.32609997596592
33.58060301980004
33.490387024357915
33.40779204154387
33.133373013697565
33.686173032037914
33.13629701733589
33.66224799538031
33.08299096534029
38.672042021062225
40.77906999737024
33.4545630030334
33.509837987367064
33.82887894986197
33.23803597595543
33.424799039494246
33.0527100013569
33.526209997944534
33.45510101644322
38.731204986106604
59.4056110130623
33.55773602379486
33.62647700123489
33.73481199378148
33.3222970366478
33.6572410305962
33.30330696189776
33.52356201503426
33.5111950407736
33.69432198815048
33.362013986334205
33.70103699853644
33.411238982807845
33.78063504351303
33.53354794671759
33.48480997374281
33.49121898645535
33.758283010683954
33.44438201747835
33.57422101544216
38.782917021308094
33.62360503524542
33.62262202426791
33.48443901631981
32.95993397478014
33.58745703008026
38.750837033148855
42.20832500141114
33.08625495992601
33.38440600782633
33.11552800005302
38.916396035347134
41.64153803139925
61.26034498447552
33.06265501305461
33.44494104385376
33.28773198882118
33.6620649904944
34.96057400479913
33.9334059972316
35.51055502612144
38.68308401433751
33.55653799371794
33.64952502306551
33.318047993816435
33.726627996657044
33.4074049605988
33.6789790308103
33.528261992614716
33.65158598171547
33.25631801271811
33.55649899458513
33.409140014555305
33.592268999200314
33.22868002578616
38.89775701100007
59.20363700715825
79.09411197761074
99.17009103810415
119.84297598246485
118.05094400187954
35.82560102222487
33.46713096834719
33.616208005696535
33.44737604493275
33.476626966148615
33.13222900032997
33.55456696590409
33.21408201009035
33.541222976054996
33.136209996882826
33.750827016774565
33.60883198911324
33.563216973561794
33.544177014846355
33.54166296776384
33.456720993854105
33.61834102543071
38.691492984071374
33.701459993608296
38.69423700962216
41.813813033513725
79.107579018455
99.0668970043771
120.6739729968831
141.13532501505688
179.3533600284718
200.04815398715436
117.01368301874027
34.193739003967494
33.56081701349467
33.550444000866264
33.38594804517925
33.50824798690155
33.27151603298262
33.606234996113926
33.26148999622092
33.62629405455664
33.29136501997709
33.49435102427378
33.355409977957606
33.77516899490729
33.561905031092465
33.51036598905921
33.53729099035263
33.52643200196326
38.647016044706106
41.91135801374912
61.17303797509521
34.45068100700155
33.379986009094864
33.4990190458484
33.29957096138969
33.65639696130529
33.20793301099911
33.551824977621436
33.36320200469345
33.60834298655391
33.52875396376476
33.58956798911095
35.92882596421987
33.45981298480183
33.24325103312731
33.65514799952507
33.34591101156548
33.68825901998207
33.281732990872115
33.58106501400471
33.25471398420632
38.74082100810483
58.9283510344103
33.60932401847094
33.56041701044887
33.76027999911457
33.628345001488924
33.53351796977222
33.36329903686419
33.63025299040601
33.3824860281311
33.673158031888306
33.40823296457529
33.556754991877824
33.62600604305044
33.51549303624779
38.588818977586925
38.726865022908896
58.91694099409506
61.69438699726015
81.29043399821967
77.85213697934523
33.272025000769645
33.79595396108925
33.478198980446905
33.69582799496129
33.411362033803016
33.65264297463
33.52170897414908
34.0428720228374
33.50554296048358
33.807509986218065
33.36520097218454
33.620802976656705
33.45182299381122
33.67241896921769
33.06344896554947
33.47040800144896
33.01450301660225
33.595026994589716
33.176785975228995
33.670892007648945
33.36632397258654
33.56917295604944
33.44033600296825
33.61249802401289
33.27886702027172
33.684775000438094
33.537974988576025
33.640795038081706
33.373835030943155
33.72098901309073
33.40592700988054
33.71539601357654
33.46213896293193
33.392320037819445
33.024813048541546
33.38945796713233
33.30695501063019
33.80743000889197
33.3543669548817
33.557843999005854
38.87137002311647
59.176612994633615
79.80928098550066
99.90613599075004
120.08649902418256
141.4505279972218
161.32298001321033
181.31809099577367
219.05460697598755
239.05254097189754
258.96767497761175
279.33749003568664
298.73762401985005
301.5983069781214
321.1770170019008
340.4909590026364
360.47498299740255
379.7080219956115
358.7656479794532
276.2688249931671
193.86667397338897
98.08861900819466
33.57441001571715
33.58959197066724
33.2733360119164
33.507465035654604
33.33410801133141
33.43872999539599
33.179946010932326
38.7672939687036
59.08145598368719
79.24538396764547
99.79563701199368
113.75712096923962
38.89352496480569
42.196798021905124
62.25188804091886
78.89581401832402
33.2505070255138
33.369646000210196
33.25071302242577
33.392322016879916
33.34953205194324
33.447025052737445
33.45503599848598
33.50528498413041
33.69382198434323
33.64213596796617
33.230785047635436
33.58320298139006
38.876060978509486
59.49124303879216
80.1141660194844
100.41432699654251
120.45292597031221
141.15985698299482
161.54881101101637
181.6446110024117
218.9836929901503
239.62231603218243
259.5790110062808
176.5757369576022
95.01323697622865
33.540940028615296
33.4224869729951
33.63545303000137
33.41597301186994
39.08513201167807
59.02355397120118
33.77431404078379
33.22612901683897
33.62876997562125
33.66489295149222
33.76210498390719
33.66113599622622
33.47228100756183
33.1134989974089
33.550871012266725
33.11474103247747
33.490294008515775
33.21445098845288
33.47985603613779
39.1976370010525
38.854422979056835
59.468547988217324
80.39508602814749
121.68033001944423
158.9326270041056
179.00973703945056
200.33628499368206
220.56707995943725
241.1833030055277
262.27487600408494
301.11584800761193
339.0044390107505
278.75406603561714
196.35279598878697
114.04408700764179
33.347012009471655
33.59365003416315
33.1603650120087
33.50497403880581
33.395103993825614
33.6462669656612
33.18765200674534
33.52871903916821
33.54003303684294
33.81993301445618
33.380919019691646
33.57297903858125
33.67848298512399
39.023222983814776
59.88367000827566
81.17095701163635
73.98220396135002
33.531708002556115
33.68347499053925
33.60455500660464
33.47715496784076
33.60638301819563
33.2343730260618
33.843832032289356
33.165966044180095
33.540472970344126
33.002946991473436
33.491781970951706
33.11785002006218
38.815958017949015
41.01873404579237
60.79771899385378
80.12895402498543
99.93653401033953
119.0395099692978
121.62087496835738
73.01441999152303
33.51711900904775
33.42342498945072
33.4607069962658
33.52489898679778
38.65778894396499
40.786380995996296
60.50245004007593
80.02936898265034
100.13845103094354
120.3818810172379
140.06050198804587
161.12643701490015
180.76961097540334
200.4872129764408
236.56961502274498
154.00216198759153
57.46964499121532
33.48029003245756
33.61826401669532
33.37154403561726
33.64273498300463
33.63811498275027
33.607753983233124
33.31265802262351
33.790851943194866
33.61472801771015
38.86081196833402
59.50813798699528
79.16880596894771
82.2176169604063
119.05181797919795
121.11908197402954
38.301057007629424
33.16922299563885
33.62320497399196
33.111593045759946
33.83423696504906
33.268308034166694
33.55035197455436
33.043348987121135
38.74932503094897
38.354652002453804
33.66600599838421
33.19623798597604
33.5335920099169
33.42960600275546
33.66638900479302
33.39328500442207
33.732658019289374
33.464805979747325
33.56702398741618
33.426400972530246
33.78080204129219
33.12486800132319
33.69458997622132
33.31826999783516
33.462556020822376
33.45603897469118
33.454678021371365
33.65996200591326
33.65259896963835
33.24626700486988
33.665633003693074
33.14529202179983
33.597565023228526
33.64621300715953
33.51870196638629
33.76724902773276
33.53150101611391
33.24667800916359
33.788244996685535
33.68321800371632
33.69198297150433
33.337356988340616
33.80393603583798
33.37608301080763
38.857106992509216
33.76419801497832
33.78464700654149
33.37047400418669
33.606513985432684
38.87395502533764
58.99418599437922
79.19727195985615
98.83713303133845
33.43099600169808
33.58318499522284
33.70377200189978
33.65578904049471
38.701404992025346
59.083717002067715
62.42659699637443
82.59715099120513
119.10766101209447
139.39118897542357
160.20047198981047
179.67415403109044
199.24103905213997
219.47151696076617
239.47194498032331
259.05315001728013
279.0517630055547
215.6400490202941
118.76287998165935
36.176892986986786
33.52401201846078
33.76814798684791
33.45513000385836
33.888650010339916
33.39272196171805
38.78867003368214
41.62559600081295
61.43249798333272
81.53923996724188
33.807904983405024
38.78902696305886
58.97774297045544
33.62107899738476
33.75913604395464
33.344524970743805
33.50645099999383
33.23697799351066
33.57104299357161
33.10725197661668
33.54847599985078
33.2691150251776
33.603573974687606
33.31070998683572
33.64523401251063
33.229300985112786
33.49501302000135
33.16201700363308
33.60126999905333
33.33151899278164
33.56333199189976
33.13040704233572
33.821782970335335
33.39141298783943
33.58879598090425
33.45643397187814
33.702510001603514
33.302505034953356
33.86139101348817
33.5683329612948
33.61712396144867
33.297399000730366
33.48042699508369
33.667690004222095
33.702621003612876
33.437310019508004
33.7453709798865
33.275826019234955
33.66718301549554
33.29722199123353
33.61009998479858
33.155517012346536
33.80766900954768
33.41492800973356
33.56707200873643
33.22038799524307
33.69096800452098
33.44945702701807
33.72669196687639
33.42775104101747
33.70800300035626
33.43683999264613
33.75467599835247
33.57748402049765
33.48958195419982
33.236011979170144
33.55841897428036
38.79604901885614
42.45313099818304
79.30425903759897
33.78849197179079
33.542835037223995
33.609809004701674
38.8597670244053
41.996958025265485
53.70608199154958
40.82912398735061
60.117635992355645
80.39183699293062
100.05055996589363
120.8438070025295
139.17925901478156
159.64937099488452
179.90430601639673
200.52470499649644
220.6760790431872
240.48372398829088
260.9857479692437
278.0053489841521
195.45233296230435
114.05063298298046
33.45470898784697
33.775243966374546
33.531770983245224
33.68082700762898
33.520688011776656
33.53434399468824
33.67751196492463
33.716482983436435
33.43434602720663
33.64916000282392
33.53673801757395
33.645885006990284
33.440144965425134
33.71076699113473
33.121034037321806
33.536012982949615
33.33713801112026
33.5979190422222
33.675204031169415
33.700665982905775
33.516555035021156
33.60886801965535
33.34260900737718
33.520594995934516
33.11728598782793
33.564572979230434
33.58363400911912
33.662787987850606
33.23674900457263
33.64158602198586
33.48270896822214
33.66971103241667
33.5610939655453
33.679214015137404
33.225391001906246
33.60838396474719
33.33604900399223
33.66913099307567
33.46532001160085
33.71561999665573
33.425100962631404
33.772869035601616
33.36907102493569
33.512096968479455
33.29959901748225
33.55037601431832
33.50589697947726
33.710004994645715
33.11089600902051
33.75912603223696
33.58869400108233
33.72175799449906
33.59941398957744
33.7839339626953
33.53007498662919
33.527921012137085
38.70443400228396
79.13988298969343
81.1374059994705
100.52790003828704
93.74590596416965
33.553913002833724
33.772185968700796
33.510756969917566
33.544013975188136
34.52413197373971
33.26536703389138
33.65773300174624
33.22635899530724
33.53260504081845
33.054060011636466
33.529556007124484
33.54010300245136
33.66254997672513
32.99288300331682
33.485411026049405
33.03327603498474
33.5473109735176
33.615124004427344
33.59038900816813
33.166059001814574
38.91516203293577
33.32644799957052
33.551786036696285
33.28926698304713
33.605683012865484
33.32867397693917
33.76891301013529
33.0488919862546
33.625896961893886
33.4514370188117
33.56614400399849
33.52812404045835
33.51746598491445
33.409623021725565
33.66919100517407
33.474190975539386
33.55198400095105
33.248608000576496
33.6784950341098
33.14617200521752
33.67490699747577
33.24500296730548
33.45632296986878
33.28391199465841
33.44495903002098
33.27993699349463
33.45289797289297
33.129031013231725
33.493800030555576
33.09186903061345
33.49399601574987
33.552977023646235
33.69574999669567
38.54598698671907
42.08203300368041
61.617974017281085
81.26151299802586
100.33346997806802
121.07541202567518
140.74303198140115
160.38831899641082
181.12244602525607
200.68687002640218
220.399584970437
177.56818595808
94.88528600195423
33.544157980941236
33.57795299962163
33.535010006744415
33.12804701272398
33.54510199278593
33.60181400785223
33.49741699639708
33.0263749929145
33.504783001262695
33.1795159727335
33.604040974751115
33.320008020382375
33.497353026177734
33.26301003107801
33.51885796291754
33.43311499338597
33.44723902409896
33.283118973486125
33.54711801512167
33.23754301527515
33.53524301201105
33.538718009367585
33.67125894874334
38.76437700819224
58.83742397418246
54.44709601579234
33.55598996859044
33.20741903735325
33.554986002855
33.383073983713984
33.61880301963538
33.48164900671691
33.59277994604781
33.247050014324486
33.60504499869421
33.589780039619654
33.670328033622354
33.156390010844916
33.53228099877015
38.907651032786816
57.17162101063877
33.7324480060488
38.9356060186401
59.627793030813336
80.59296401916072
100.68289999617264
121.37185299070552
141.79860096191987
178.76868299208581
199.51153703732416
219.12390599027276
136.485016962979
53.55874600354582
33.330386970192194
33.54064602172002
33.41575601371005
33.66638702573255
33.300563984084874
33.739863021764904
33.41012797318399
38.932005991227925
41.53433698229492
79.34965600725263
33.1496840226464
33.61076797591522
33.38166995672509
33.526599989272654
33.036201959475875
33.70180702768266
33.15838798880577
33.839957031887025
38.686216983478516
42.01358399586752
61.94589502410963
38.62600796855986
33.39941299054772
33.53042795788497
33.19365298375487
33.69239903986454
33.2360080210492
33.72775099705905
33.150811039377004
33.48769503645599
33.243535028304905
33.713712997268885
33.1578140030615
33.86061399942264
33.08837703661993
33.47493504406884
33.21318799862638
33.679649990517646
36.158173985313624
38.79084897926077
33.4369310294278
33.65203202702105
33.5253209923394
33.6024000425823
34.1789840022102
33.631714002694935
33.14668097300455
33.57710601994768
33.36627199314535
33.632934966590255
33.47258298890665
33.5578010417521
33.447668014559895
33.571612962987274
33.22993795154616
33.65115396445617
33.45451696077362
33.58776401728392
33.30647700931877
33.70916296262294
38.76693802885711
41.76340298727155
61.4445679821074
33.517123956698924
33.119864005129784
33.759005018509924
33.191316993907094
33.64484797930345
33.33562595071271
36.20899002999067
36.059063975699246
40.40048603201285
61.574470018967986
80.88311896426603
100.952596985735
120.46941899461672
139.71441495232284
154.32567801326513
57.54412699025124
33.58913300326094
38.75594399869442
41.774721001274884
61.31805799668655
81.2083010096103
100.56941799120978
33.46573101589456
36.12215199973434
33.840463031083345
33.240635006222874
33.41857000486925
33.171046001370996
33.58934598509222
33.77990104490891
33.53782102931291
33.036418026313186
33.470762020442635
33.434637007303536
33.739419013727456
33.01113296765834
