44.13887596456334
23.98418600205332
23.31857499666512
25.131155038252473
26.02985902922228
24.950054998043925
24.333404027856886
22.633098997175694
23.291020013857633
23.91678001731634
24.57113697892055
24.302838020958006
24.990021949633956
21.82350103976205
24.82780098216608
24.37119500245899
23.445772007107735
23.85839697672054
23.200962983537465
22.100106987636536
24.000683042686433
21.5917689492926
23.238661990035325
21.688906010240316
23.82179000414908
22.935134009458125
22.901770018506795
21.507967030629516
23.78200297243893
21.818695007823408
24.267130997031927
23.248716024681926
21.675908006727695
21.86436002375558
24.3892939761281
22.96096703503281
24.529231945052743
23.865033988840878
22.23219402367249
23.799659975338727
21.98832097928971
23.00909097539261
21.733596979174763
23.4739399747923
21.7021030257456
21.563919028267264
23.789920029230416
23.70358200278133
21.31247497163713
21.676027972716838
21.69197698822245
22.72931596962735
21.360572951380163
21.462709992192686
21.602993016131222
22.58377498947084
26.897082978393883
23.535593005362898
22.36086700577289
21.591950964648277
22.097613022197038
21.587732015177608
22.275889001321048
23.772982007358223
24.36519000912085
21.505723998416215
22.554990951903164
22.58858096320182
22.429541044402868
21.80299296742305
22.492848976980895
21.317448001354933
24.131133977789432
22.15736696962267
23.052979027852416
22.47393596917391
22.127993986941874
22.19216199591756
21.83289098320529
21.529561025090516
21.476469992194325
22.591186978388578
21.67196699883789
21.640071005094796
22.342286014463753
21.83289499953389
22.05502096330747
22.15987996896729
21.30239101825282
23.568084987346083
23.861714988015592
22.19028299441561
22.732395969796926
25.01728798961267
23.113279952667654
24.821043014526367
22.530320973601192
21.601132990326732
22.444676025770605
22.572174959350377
22.2455799812451
22.68241799902171
23.6088500241749
21.718154021073133
21.69801201671362
21.598788036499172
21.457239985466003
22.474906989373267
22.973962011747062
21.735763002652675
21.782205963972956
21.949665038846433
22.80248299939558
22.9487509932369
22.18347298912704
22.62310200603679
21.67243999429047
21.319568972103298
21.336762991268188
21.399611956439912
20.51445801043883
23.728406988084316
21.203434036578983
21.97776798857376
21.99852798366919
22.398247965611517
22.29059801902622
21.88899100292474
23.63336901180446
23.67488999152556
21.54041302856058
22.740833985153586
22.464123961981386
21.38408803148195
23.728644009679556
23.062823980581015
22.742795990779996
21.524454990867525
22.480512037873268
21.34520298568532
23.774079978466034
22.499295009765774
21.961858961731195
21.96108002681285
22.298413969110698
22.278505959548056
23.907159047666937
23.92058097757399
21.530211030039936
21.76139800576493
23.87453702976927
22.341791016515344
21.44554496044293
22.423392976634204
21.24558901414275
23.821989016141742
23.88362999772653
21.452405024319887
23.638621030841023
21.575438033323735
22.650566010270268
21.60321600968018
21.970711008179933
23.599558975547552
23.687433975283056
23.820139991585165
22.709021053742617
21.345891000237316
21.96379197994247
21.501134033314884
22.92944403598085
22.765622998122126
22.219885024242103
23.655705037526786
21.661992999725044
23.871177982073277
21.877837949432433
21.24527096748352
22.951540013309568
23.81361200241372
22.412651975173503
22.278069984167814
23.950489005073905
21.421286975964904
22.407850017771125
22.514338023029268
22.860554046928883
21.48623700486496
21.98048896389082
21.274269034620374
23.82072899490595
23.83272798033431
21.368871966842562
21.86638000421226
21.965527965221554
22.32946001458913
22.201501007657498
21.49678999558091
21.363884035963565
21.309053001459688
22.316927032079548
22.169311007019132
21.455871989019215
21.440615004394203
21.334851044230163
23.871099983807653
22.348899976350367
21.552585996687412
21.533421997446567
30.875551979988813
23.65110203390941
22.218230995349586
21.843874012120068
23.6054040142335
23.55969196651131
23.73218402499333
22.4545729579404
22.17768196715042
22.132203041110188
21.251331956591457
23.745794023852795
22.11539796553552
21.126808947883546
21.292827965226024
21.18486404651776
20.63540497329086
22.60842500254512
21.27792197279632
21.395116054918617
22.026630002073944
22.146105009596795
23.747787985485047
21.0743349744007
21.590055024717003
23.795753018930554
22.604989993851632
22.228727000765502
21.54732501367107
21.688663982786238
21.811618993524462
22.866654966492206
22.063901997171342
22.041568998247385
23.49250001134351
21.410743007436395
22.2248500213027
22.33216998865828
22.0499379793182
21.695082017686218
21.42732299398631
23.723554972093552
22.239698038902134
21.19383797980845
21.85112895676866
21.621954045258462
22.085843957029283
21.95729297818616
23.52516195969656
21.96616801666096
31.486756983213127
22.861807025037706
22.019876982085407
21.359590988140553
21.555715007707477
23.722162004560232
22.647972975391895
22.02767296694219
21.34382404619828
23.56430300278589
23.559072986245155
23.7662720028311
22.709954995661974
22.384150011930615
21.747566002886742
21.346159977838397
22.22758496645838
22.10647496394813
21.84051799122244
25.816732028033584
21.181434975005686
22.35212200321257
22.07769500091672
21.188579965382814
21.29928395152092
29.912689002230763
23.89365097042173
22.426513023674488
21.396306983660907
21.327528986148536
24.17767298175022
22.921377036254853
22.092228988185525
21.4483619784005
21.248842997010797
21.323569992091507
22.281551966443658
22.08728203549981
21.23597200261429
21.20079199085012
22.332964988891035
22.480156971141696
24.005912011489272
21.619363978970796
21.829318022355437
21.7970980447717
22.120348003227264
22.35051098978147
21.011468954384327
21.33169601438567
22.07528002327308
20.58928896440193
21.940935985185206
21.1343799601309
21.553939033765346
20.98642900818959
21.984479972161353
22.641006973572075
21.600570005830377
21.860119013581425
22.24583300994709
22.385630989447236
22.060170012991875
21.909835981205106
20.97807003883645
21.563114947639406
23.885241011157632
21.853896032553166
20.98500804277137
21.316417027264833
20.998103020247072
20.562822988722473
22.10587600711733
23.910544987302274
21.45845495397225
22.442402027081698
20.907257043290883
22.052642016205937
21.38651901623234
21.177957009058446
22.275283001363277
21.988461958244443
22.5712779792957
21.42037497833371
22.13655400555581
20.68984799552709
22.01737801078707
22.368380974512547
21.51784795569256
21.790704980958253
21.135897957719862
24.111085978802294
22.053307038731873
21.160607982892543
21.133266971446574
20.596939022652805
22.152307035867125
22.388764016795903
21.499883965589106
21.990472974721342
23.518214002251625
23.863587994128466
23.682147962972522
23.48501904634759
23.57101399684325
23.66956602782011
22.148913994897157
21.989512024447322
21.14208700368181
23.59473699470982
21.310925018042326
21.86281100148335
22.123958042357117
21.06229797936976
21.14722499391064
21.095288975629956
20.570207969285548
22.104342991951853
24.181577959097922
23.495160043239594
21.829776000231504
21.74298098543659
23.83775101043284
21.232280996628106
20.977267005946487
21.758724993560463
21.888411953113973
22.0099130528979
21.379728976171464
21.62072097416967
21.13926300080493
21.760309988167137
22.00526901287958
21.36154897743836
21.928353002294898
21.40526397852227
24.043885990977287
24.012627953197807
23.705260013230145
21.281281020492315
21.02218201616779
22.165248985402286
21.810416015796363
21.143552963621914
23.61363696400076
23.53535295696929
23.795201035682112
23.872404010035098
21.472868975251913
21.39723498839885
21.572630968876183
21.940388018265367
22.179936000611633
21.147892985027283
23.563869995996356
23.602820001542568
24.002632999327034
23.805580043699592
23.649074020795524
22.532520000822842
23.537328001111746
22.16272201621905
21.807976998388767
21.104635030496866
23.630464042071253
21.487271995283663
22.168555995449424
21.67020196793601
21.60907501820475
21.253722021356225
21.081632003188133
21.65211597457528
22.117529006209224
20.970567944459617
20.9429319947958
21.718517993576825
21.9518689555116
23.83141394238919
23.61619402654469
23.624702997040004
23.76877301139757
22.275537019595504
21.934315969701856
21.232153987511992
22.070919047109783
23.609474999830127
20.68183198571205
22.085108037572354
20.983816997613758
21.631437994074076
21.223440999165177
22.042747994419187
21.808372053783387
22.03060599276796
23.750883992761374
21.08409401262179
21.81386697338894
22.17065799050033
21.124588965903968
21.375102049205452
21.482262993231416
20.875107031315565
22.18506799545139
21.508457022719085
21.077825978863984
21.43440500367433
23.901205975562334
22.08694798173383
21.290372998919338
22.419864020776004
21.395982010290027
22.1953570144251
21.768142003566027
21.294432983268052
21.425078040920198
22.135716979391873
22.016504022758454
22.004856960847974
21.047278016339988
21.633983007632196
21.36045298539102
21.73524396494031
22.068638005293906
23.70589500060305
21.448676998261362
21.12030703574419
21.80706599028781
24.33129498967901
23.954230011440814
23.722054960671812
23.712003021501005
23.958730045706034
21.814178966451436
21.55026001855731
22.06185198156163
21.32097602589056
21.700797020457685
21.832961996551603
21.329530980437994
21.175577014219016
21.658709971234202
21.631811978295445
21.649864967912436
21.005781018175185
23.554481973405927
21.188790968153626
21.69428498018533
21.98897796915844
21.206083009019494
21.310984971933067
23.502369003836066
21.86047501163557
24.03022994985804
23.677927965763956
21.253452985547483
23.63808697555214
21.641378989443183
21.703340054955333
21.083032013848424
21.62346598925069
21.153274981770664
21.70567004941404
21.528154029510915
21.090113034006208
21.236000990029424
21.181193995289505
23.980391037184745
21.763783995993435
21.13738498883322
21.133509988430887
21.724153019022197
22.04325405182317
23.932059993967414
23.5562669695355
21.298367995768785
21.366166998632252
22.455708007328212
21.925103035755455
21.38127200305462
21.16307697724551
20.99561202339828
21.620892046485096
21.684148989152163
21.160522010177374
23.550998012069613
21.705157007090747
21.795186039526016
21.592250966932625
20.910866966005415
20.941656024660915
21.21178398374468
23.773976019583642
23.731056950055063
23.554668005090207
23.599717998877168
24.06081900699064
20.666680997237563
23.976123018655926
21.06484503019601
21.11600904027
21.74185699550435
21.77360898349434
21.713894966524094
21.07708400581032
23.946952016558498
21.23801503330469
21.747782011516392
21.723915997426957
21.90100896405056
24.026168044656515
23.655124998185784
21.89476997591555
21.869582997169346
21.155024005565792
21.96771203307435
21.300052001606673
22.00550795532763
21.515107015147805
21.508247999008745
23.788669030182064
23.468833009246737
21.520923997741193
21.648805995937437
21.156794973649085
22.05841802060604
21.475672023370862
21.761406038422137
21.9178760307841
21.26869698986411
21.107589011080563
20.934556028805673
21.680207981262356
21.970412984956056
21.372239978518337
21.245327952783555
23.90767598990351
23.994420014787465
21.621925989165902
21.37916104402393
20.871553977485746
21.648866997566074
22.079733025748283
22.028402017895132
23.790928011294454
23.501506948377937
23.948615009430796
23.70274194981903
21.636535006109625
21.268111013341695
21.180422976613045
21.280838001985103
20.701300993096083
21.671327005606145
21.314439014531672
21.11837104894221
21.19986998150125
21.7090830556117
21.609262039419264
21.319594990927726
21.20373898651451
21.746094978880137
21.75075502600521
21.79896499728784
21.207673009485006
21.25284797511995
21.385216037742794
24.058289011009037
21.698293974623084
21.418393007479608
21.47927100304514
21.40863600652665
21.96197200100869
21.536588028538972
21.22464100830257
21.184839017223567
21.23125403886661
21.406882966402918
24.117552035022527
21.066429966595024
21.185267949476838
21.009202988352627
22.16305601177737
23.90293002827093
24.151136982254684
21.62714599398896
21.29092498216778
21.644990949425846
21.491288964170963
21.06737595750019
21.069517999421805
23.730868007987738
24.694019986782223
21.702705009374768
21.510721009690315
21.07565401820466
21.305343019776046
21.742632961831987
21.834569983184338
21.310718962922692
21.210784965660423
21.28245704807341
21.868353011086583
23.90108903637156
20.982403017114848
21.056854049675167
21.055018005426973
21.84666000539437
21.56804595142603
20.940201997291297
21.088248991873115
20.869919972028583
20.686088013462722
21.474589011631906
21.0446699638851
21.639660990331322
20.90947999386117
24.1506639868021
21.425858954899013
23.90601800289005
21.142156969290227
21.106436965055764
21.46516996435821
21.692326990887523
21.422427031211555
21.070047980174422
21.19173196842894
21.40659000724554
23.84158899076283
20.85764898220077
20.90944699011743
21.419453027192503
21.52301900787279
21.499051013961434
21.14513097330928
21.105733001604676
21.231363993138075
21.814722975250334
21.485353994648904
21.265963034238666
21.79633901687339
20.8740770467557
24.64413200505078
21.749687963165343
24.019226024392992
24.007040017750114
23.69401598116383
21.759114984888583
21.58545097336173
21.00861899089068
21.26932400278747
21.308786992449313
21.948251000139862
21.622538974042982
21.190578991081566
21.256529027596116
21.043549990281463
21.860086999367923
24.167975003365427
21.157152019441128
21.34832105366513
21.307862014509737
21.72992203850299
24.075734021607786
21.184724988415837
21.05168002890423
20.814349001739174
21.377639030106366
21.499093039892614
21.018984029069543
20.8508669747971
21.136950992513448
21.56625100178644
21.99374802876264
21.205735043622553
21.18953096214682
21.2137529742904
21.19898097589612
21.566882962360978
21.201041992753744
21.902930981013924
21.345396991819143
24.20417999383062
21.610933996271342
21.584260975942016
20.943261974025518
21.013076999224722
21.479272982105613
24.535964999813586
20.884011988528073
21.295936952810735
21.26149897230789
21.718607982620597
21.286844974383712
21.297007973771542
20.77942999312654
21.18887100368738
21.346470981370658
24.57246300764382
20.788262016139925
21.27747901249677
21.043364016804844
21.400524012278765
21.743018995039165
23.81007798248902
21.59491099882871
20.84258000832051
24.08920502057299
21.675541007425636
21.03880001232028
21.137094998266548
21.179259987547994
21.944531006738544
21.559393033385277
21.459401992615312
21.295923041179776
21.123462007381022
24.323662975803018
21.889473020564765
21.16195298731327
21.470280014909804
21.48047200171277
20.799655991140753
21.702618978451937
21.28052501939237
21.08316996600479
21.191532025113702
21.700304991099983
24.590793007519096
24.00643000146374
21.26570203108713
21.290979988407344
21.857519051991403
24.35852901544422
21.740102965850383
21.16058103274554
21.118465985637158
20.843165984842926
21.66409499477595
21.116841991897672
21.29892399534583
21.43730001989752
22.15101901674643
21.84071799274534
21.325817971955985
21.24179300153628
21.30858297459781
21.79685904411599
21.74372097942978
20.977418986149132
20.913418964482844
21.006048016715795
21.804624004289508
21.381594007834792
21.469702012836933
21.19676599977538
20.98584803752601
21.56151202507317
21.48880995810032
21.20837097754702
21.29906800109893
21.262987982481718
21.392445953097194
21.754389978013933
21.265388000756502
21.168187027797103
21.055985998827964
21.59873500932008
21.61111996974796
21.010295022279024
21.125993982423097
23.85074400808662
24.078995978925377
24.280408979393542
23.90429499791935
21.579899010248482
21.012108016293496
21.294611040502787
21.570515993516892
21.019459003582597
21.232961036730558
20.670878991950303
21.53938403353095
21.58779196906835
24.00389703689143
23.851095989812165
21.06423396617174
21.595208963844925
21.781162009574473
21.033774013631046
21.064297994598746
21.211511979345232
21.802474977448583
21.746626996900886
21.309176983777434
21.87667100224644
21.543522947467864
21.670054004061967
21.80736599257216
24.303251993842423
21.305850008502603
21.234187006484717
22.14989101048559
22.04590302426368
21.381988015491515
21.384389023296535
24.125260999426246
22.086851997300982
21.663578983861953
21.259383007418364
21.34974702494219
21.263253991492093
24.358556023798883
21.710638015065342
21.272334037348628
21.533263963647187
24.056926020421088
22.10787998046726
21.648375957738608
21.09130402095616
21.28585200989619
24.091068014968187
24.290571047458798
21.65961201535538
21.444400015752763
21.14589198026806
21.107035980094224
26.110030012205243
21.531283971853554
21.300434018485248
21.191039006225765
23.82354805013165
21.558284992352128
21.507998986635357
21.391314978245646
21.24970400473103
21.124174003489316
21.797988971229643
21.51906699873507
20.820815989281982
21.147617022506893
21.024779009167105
21.65686199441552
21.479063958395272
21.291332959663123
21.203070995397866
21.094638970680535
21.586615010164678
21.455170994158834
21.132568013854325
21.08802698785439
21.3316609733738
21.631823969073594
24.1965779569
23.761057993397117
23.882456007413566
21.11043396871537
21.49407402612269
21.606541995424777
21.295128972269595
21.172557957470417
21.214556007180363
21.3989419862628
21.497851994354278
21.18037996115163
20.889318024273962
21.246333024464548
21.885742957238108
21.647995978128165
21.03703998727724
20.90991201112047
21.12969697918743
21.591562021058053
21.641428989823908
21.31874900078401
23.987655993551016
20.999999018386006
21.87577198492363
21.837231004610658
23.72940897475928
23.735112976282835
21.01617498556152
21.44071803195402
24.147299001924694
23.723435995634645
21.113101043738425
21.028388990089297
21.572040976025164
21.472496970091015
21.30448300158605
21.241553011350334
21.09887998085469
21.588770032394677
21.851219004020095
20.932227955199778
21.257649001199752
21.72723802505061
21.957573015242815
21.859553991816938
23.699491983279586
21.11466904170811
21.124708000570536
21.736921975389123
21.762332995422184
21.512184001039714
21.05625602416694
21.130667009856552
21.811316022649407
21.322423999663442
23.94341299077496
21.321874985005707
21.065922977868468
21.381757978815585
21.557768050115556
21.17675496265292
21.118903008755296
21.142405981663615
21.827270975336432
21.141103992704302
21.233360981568694
21.039099025074393
21.28006098791957
21.8515659798868
21.814003004692495
21.121346042491496
21.485181991010904
20.85467299912125
21.43224497558549
21.332858013920486
21.071095019578934
21.144167985767126
21.375890995841473
24.09979497315362
22.01866003451869
21.204537013545632
21.22623601462692
21.45799796562642
21.5473510324955
23.774896981194615
23.8011569599621
23.875362006947398
21.210306964349
23.951754032168537
24.21020099427551
21.276034007314593
21.571179036982358
21.149218024220318
20.932984014507383
24.055257032159716
21.19157399283722
20.882532990071923
21.492597996257246
21.699560049455613
21.262373018544167
21.20923198526725
21.081430953927338
21.025302994530648
21.388238994404674
21.33933803997934
21.22388902353123
21.53367397841066
23.777700029313564
21.289095981046557
21.534251049160957
21.45592699525878
21.219059999566525
21.20665699476376
21.651594957802445
21.59846300492063
21.047964051831514
21.052142954431474
21.107931970618665
21.303256042301655
23.64174701506272
21.21039998019114
21.13920298870653
21.728157997131348
21.950013004243374
21.322895016055554
21.034113015048206
23.713133996352553
23.702576989308
21.24104101676494
21.13983902381733
21.06936101336032
21.181565010920167
21.00286300992593
21.96325996192172
23.757160000968724
21.05083700735122
21.553759987000376
21.537241991609335
21.838024025782943
21.595025958959013
21.187682985328138
21.162556018680334
21.076758042909205
21.675924013834447
21.380858961492777
21.253662009257823
20.751808013301343
20.98182699410245
21.290440985467285
21.563521004281938
20.994038961362094
21.367610956076533
21.180163021199405
21.97611896554008
23.82561197737232
21.001946995966136
23.697649012319744
24.261311977170408
23.66566302953288
21.911789022851735
21.00135898217559
21.217837987933308
20.974087994545698
21.434708032757044
21.317770006135106
21.12145902356133
20.90037101879716
20.928367041051388
21.48175099864602
23.652664967812598
23.690604022704065
23.82018300704658
23.61289196414873
23.590769967995584
21.355583041440696
21.16483898134902
21.196605055592954
21.28808799898252
21.625777997542173
21.434153022710234
20.774447009898722
21.164298988878727
21.046662994194776
21.329866023734212
21.651987975928932
21.34115301305428
20.881367032416165
21.27083099912852
21.43464598339051
21.274628001265228
21.28862903919071
21.179282979574054
21.424432983621955
21.452954038977623
21.256382984574884
23.7086089910008
21.58240700373426
20.99498303141445
21.348250040318817
21.232953993603587
20.9780809818767
21.245445997919887
20.955368992872536
21.323753986507654
23.87744898442179
23.674923984799534
23.657446028664708
23.629580973647535
21.59656397998333
23.59700802480802
20.675536012277007
21.29418303957209
21.151985973119736
20.704300026409328
21.56243397621438
21.249854005873203
21.22878795489669
21.2270490010269
21.312058030162007
21.539045963436365
21.26113697886467
21.235060004983097
21.39895799336955
21.795143955387175
21.71341795474291
21.159170020837337
21.203556971158832
21.415068011265248
21.509334968868643
21.55882096849382
21.33290597703308
21.23519399901852
21.287224953994155
21.53523697052151
21.406065963674337
21.254193037748337
21.187271981034428
21.109074004925787
21.371798997279257
21.522296010516584
21.189896971918643
21.371031005401164
21.471243991982192
21.262735011987388
21.433697023894638
21.013156976550817
23.836249951273203
21.028914023190737
21.29823702853173
21.538422035519034
21.38236298924312
21.161833021324128
20.95911098876968
21.142346027772874
21.333030017558485
21.15797100123018
21.27097500488162
21.05557802133262
21.341621002648026
21.55049197608605
21.048886992502958
21.018285013269633
20.850074011832476
21.771226020064205
21.545756957493722
20.994570048060268
20.95869299955666
21.46861096844077
21.508374018594623
21.215940010733902
21.215425978880376
21.255818021018058
21.1153450072743
21.63036202546209
28.359655989333987
21.294403006322682
21.140930999536067
21.010730997659266
21.488555008545518
21.72145899385214
21.030382020398974
21.03373600402847
21.252701990306377
21.68772602453828
24.69905698671937
23.750138003379107
21.782963012810796
23.80654902663082
24.45399103453383
21.590859978459775
21.40706399222836
21.415587980300188
24.27526901010424
21.67302998714149
21.939366997685283
21.137800998985767
21.21693699155003
21.17056102724746
21.096063021104783
21.529765974264592
21.153284003958106
23.733077046927065
21.984577004332095
21.85913303401321
21.78452495718375
21.205401979386806
21.285463008098304
21.35890198405832
21.91181998932734
24.653594009578228
21.31607400951907
21.18238399270922
21.339754050131887
21.321730979252607
21.811790007632226
21.18496602633968
21.143071993719786
21.19002299150452
21.6158110415563
21.73286903416738
21.351526957005262
20.96577495103702
21.194141008891165
21.901303029153496
21.6640789876692
23.84389698272571
21.264478971716017
21.40673901885748
21.699085948057473
21.584859990980476
21.404702973086387
21.579719963483512
23.937741003464907
21.015449019614607
21.63463004399091
23.831747006624937
24.522457970306277
23.937148973345757
22.074532986152917
24.26310599548742
21.707516978494823
21.318601968232542
23.816875996999443
24.39075702568516
24.559304991271347
21.22439502272755
21.46646403707564
21.280098997522146
21.87249099370092
21.71545900637284
21.230848971754313
21.68212999822572
21.301660977769643
21.44910703646019
21.668242989107966
23.781614028848708
21.56341401860118
21.120216988492757
21.67279797140509
21.7118639848195
21.116454037837684
20.972078025806695
21.24258497497067
24.0559569792822
21.223768999334425
23.5467660240829
24.147133983206004
21.11763396533206
21.70303900493309
24.07765301177278
24.23896500840783
21.122037956956774
21.189309016335756
20.76864498667419
25.040959008038044
21.19500399567187
21.20261499658227
21.250603022053838
21.56856399960816
21.7665089876391
21.382934995926917
20.97961399704218
21.223351010121405
21.771971019916236
21.927064983174205
21.280676999595016
23.744011006783694
23.64372299052775
24.149281030986458
21.595989004708827
21.0893249604851
21.123450016602874
21.022834989707917
21.671589056495577
21.691806032322347
21.447514998726547
21.046968991868198
21.38476603431627
21.59777795895934
21.491757011972368
21.11757401144132
21.291802986525
21.070191985927522
21.566325973253697
21.52649697382003
20.921115996316075
24.080496979877353
21.27971302252263
21.02413703687489
21.180931013077497
21.31210605148226
21.497836976777762
21.161372016649693
21.468307997565717
21.547563024796546
21.16966003086418
21.18004998192191
23.833640036173165
24.356536974664778
24.207938986364752
21.433073037769645
23.683287028688937
23.833583982195705
24.59435199853033
24.405694974120706
23.623213986866176
21.064303000457585
20.898771996144205
21.8804280157201
21.515450964216143
21.23723999829963
21.014414029195905
21.543962007854134
21.515080996323377
21.301205037161708
21.044986962806433
21.01814397610724
21.005389979109168
21.33368595968932
21.550010016653687
21.101234015077353
21.128371998202056
21.290855016559362
21.46389300469309
21.49123197887093
20.996303006540984
20.924617012497038
21.02124597877264
21.026023023296148
21.298657986335456
20.947551995050162
20.966616983059794
21.42609399743378
21.109149034600705
21.3819170021452
21.29606599919498
21.16643701447174
21.18690696079284
21.776809997390956
21.81138301966712
21.617339982185513
21.165315993130207
21.34273503907025
21.550155011937022
21.563094982411712
21.11332002095878
21.445672027766705
21.152434987016022
21.517621993552893
21.382646984420717
20.963463000953197
21.336087957024574
21.0628779605031
24.083975004032254
24.215420009568334
23.51761795580387
20.994320046156645
21.659403981175274
21.741716016549617
21.685193001758307
20.905762969050556
21.4739820221439
21.556432999204844
21.596293954644352
21.677381999325007
21.056056953966618
21.282817993778735
20.87982400553301
24.165975977666676
21.71502698911354
20.967531017959118
20.903636002913117
21.475384011864662
21.310722979251295
21.778714028187096
20.746043999679387
23.635968973394483
23.48831295967102
24.274013994727284
21.533955994527787
21.52146602747962
20.925078017171472
20.91903699329123
21.322625980246812
21.24009100953117
21.070598042570055
21.047746005933732
23.5335259931162
21.735202986747026
21.726335980929434
21.303047018591315
24.374861968681216
23.72858702437952
21.55749301891774
21.527867997065187
20.799012971110642
20.963918010238558
23.447850020602345
21.433565008919686
21.22832101304084
20.941668946761638
23.5170119558461
21.000968001317233
24.20818101381883
22.0662800129503
20.895554043818265
21.22160600265488
21.070679009426385
21.453502995427698
24.396047985646874
20.992793957702816
21.18073299061507
21.085783024318516
21.59798500360921
21.36957203038037
21.17392997024581
21.080008998978883
20.85986704332754
24.09660496050492
24.08154000295326
23.85482197860256
23.445847036782652
21.24651800841093
24.044580990448594
21.83338295435533
21.45067194942385
21.57783496659249
23.752339009661227
21.521396993193775
21.19137899717316
21.10425801947713
20.953610015567392
20.937548018991947
21.457585971802473
21.470304985996336
21.36232500197366
21.439501957502216
21.287595038302243
21.232970990240574
21.61349297966808
21.43816597526893
20.927823963575065
23.313923040404916
24.03993997722864
23.837753979023546
23.25798396486789
21.08957397285849
23.435967043042183
23.85423402301967
23.945960972923785
23.31190399127081
34.56646401900798
24.15074803866446
21.555510989855975
23.960868013091385
20.621419011149555
20.779581973329186
21.567586984019727
21.344385982956737
21.66143403155729
21.120551973581314
20.914433000143617
21.162479009944946
21.432470006402582
21.470726002007723
20.846340979915112
23.88988801976666
20.787323999684304
21.864969981834292
21.486748999450356
21.45532099530101
21.378407953307033
21.0936070070602
21.42373501555994
21.4733780012466
21.087845030706376
21.16822497919202
21.369658992625773
21.021976019255817
21.480288007296622
23.397248005494475
20.49153100233525
20.718630985356867
21.28532499773428
21.406139014288783
21.074756979942322
23.376311000902206
23.382927000056952
21.251745987683535
21.202596020884812
20.699501037597656
23.310505028348416
23.49795401096344
20.714512967970222
21.265418967232108
20.992183010093868
20.926601020619273
21.483210963197052
21.740175026934594
23.997771029826254
20.87634796043858
24.987017968669534
21.171561034861952
21.37201902223751
21.4722539531067
20.997508021537215
21.237234002910554
20.977979991585016
21.783909003715962
21.4656789903529
20.949286001268774
20.930323051288724
20.786188018973917
23.974510026164353
21.502755000256002
20.66934696631506
20.820659992750734
20.983162976335734
21.46897400962189
21.25314698787406
21.004836016800255
20.889020001050085
21.478277980349958
21.595639002043754
23.889912001322955
21.033950964920223
21.266705996822566
21.24909101985395
21.65600302396342
21.633010008372366
21.644003049004823
21.39663096750155
20.668827986810356
21.226967975962907
21.4513570535928
20.858681004028767
21.484069991856813
21.46578097017482
21.12067397683859
21.43219899153337
21.148588974028826
23.314120015129447
20.943537005223334
21.385541011113673
21.42930298577994
21.182337019126862
21.471146028488874
20.826204039622098
21.4200199698098
25.097126024775207
21.12895401660353
21.333061973564327
21.1768580484204
21.412803966086358
21.34516800288111
21.1202300270088
20.94302896875888
21.410096960607916
21.126909996382892
21.16705698426813
20.508104003965855
20.97366302041337
21.011407021433115
21.506318997126073
21.38499397551641
20.632878004107624
21.18510496802628
20.921422983519733
20.993575046304613
21.461412019561976
21.04281500214711
21.42253000056371
20.99242398981005
21.422040998004377
21.244731033220887
21.116554969921708
21.049720991868526
21.038714970927685
21.216945024207234
21.019842999521643
20.946125965565443
20.515274023637176
20.81440604524687
21.001087967306376
23.628420021850616
20.5206599785015
20.509517984464765
20.74084902415052
21.15556300850585
21.01939299609512
20.490547001827508
21.239113004412502
23.205494973808527
23.76866602571681
23.614799953065813
21.108930988702923
24.347683996893466
23.43077800469473
23.733721987809986
23.70093297213316
23.280409979633987
23.49025197327137
23.280096997041255
21.15490601863712
20.993819984141737
20.72563098045066
23.21863203542307
20.8424799493514
21.29132201662287
21.573281032033265
21.17418998386711
23.876502993516624
20.76937397941947
21.51151600992307
21.17833204101771
20.563909027259797
21.143360005225986
23.580191016662866
21.141487988643348
20.5382690182887
20.66824701614678
20.971093967091292
23.25467101763934
21.4926129556261
23.92013999633491
20.541645993944257
20.454993995372206
20.62371699139476
23.567290976643562
21.159623051062226
21.42994396854192
20.737612969242036
20.859284966718405
21.17727301083505
20.9117159829475
20.64457698725164
20.67557000555098
23.314529040362686
21.132060966920108
21.381883998401463
21.227601042483002
20.653972984291613
20.85332100978121
23.679550038650632
27.911465032957494
20.87985398247838
20.51369199762121
20.741701999213547
23.72133103199303
23.57071900041774
23.534320993348956
20.587562990840524
20.66986996214837
20.89030697243288
23.925014946144074
20.496971032116562
21.321565029211342
20.544614002574235
21.319613966625184
21.07874001376331
20.538042997941375
23.493603977840394
21.316718019079417
21.239669993519783
21.13538299454376
23.41991604771465
20.668943994678557
21.534323983360082
21.25937695382163
21.219929039943963
20.71755303768441
21.213235973846167
20.6811290117912
21.306172013282776
21.213213040027767
20.736177044454962
20.977034990210086
20.663607981987298
21.266171999741346
23.88947003055364
20.683852955698967
20.654092950280756
21.05352299986407
21.251254016533494
21.411405003163964
20.692062040325254
20.976454950869083
20.658732042647898
20.51077299984172
21.320271014701575
23.432390007656068
20.954261999577284
20.77682997332886
21.410205983556807
21.211163024418056
20.70309198461473
21.05285500874743
20.92609304236248
21.256109001114964
21.209132042713463
20.911093975882977
23.627571004908532
20.855007984209806
21.25354896998033
21.17865497712046
23.94305495545268
23.894012032542378
21.1358200176619
21.327032998669893
21.39650098979473
20.695434999652207
21.10141096636653
21.107638021931052
21.08772296924144
21.147402992937714
20.66499600186944
21.37023099930957
20.61690395930782
21.170894033275545
23.92683201469481
23.57574598863721
23.300740984268486
21.02435304550454
21.392650029156357
21.355142001993954
20.717795996461064
23.373218020424247
23.40023801662028
21.153285983018577
21.18951902957633
23.775286972522736
20.91728599043563
20.79594600945711
20.587783015798777
21.247728029266
21.09990402823314
21.14958898164332
23.308618983719498
21.246152988169342
21.21617301600054
21.14962600171566
20.836080017033964
20.819306024350226
21.331019001081586
21.259345987346023
20.87626198772341
20.614659995771945
20.837628981098533
21.253040991723537
21.15187799790874
20.550228015054017
20.789803995285183
20.63996996730566
21.256562031339854
21.458375034853816
20.930357975885272
20.632594008930027
20.708533003926277
21.18234703084454
21.174210007302463
21.140297991223633
21.130541048478335
21.339222963433713
21.10278303734958
20.975456980522722
20.767992013134062
21.016785001847893
20.720385015010834
21.26674697501585
21.300138032529503
21.313501987606287
20.863445999566466
21.00866800174117
21.239024004898965
21.449443011078984
23.319964995607734
23.271582031156868
23.37858296232298
23.874943028204143
23.939486010931432
23.365427972748876
21.063830005005002
21.058143000118434
21.414231974631548
21.43525902647525
23.389614012558013
23.302013985812664
23.352129035629332
21.43812400754541
21.311827993486077
23.27292296104133
20.926925004459918
20.670250989496708
21.249798010103405
23.860572022385895
23.67234299890697
23.31054996466264
21.02515200385824
21.32449997588992
21.092746988870203
21.208831982221454
20.599791023414582
20.858832984231412
23.710954992566258
21.257378975860775
23.29985302640125
23.262951988726854
23.65817502140999
23.86725798714906
21.002356021199375
20.65939997555688
20.733757002744824
20.46395599609241
21.21051901485771
21.801961993332952
23.341230989899486
23.687962966505438
20.618579001165926
21.022786968387663
21.185257006436586
20.57146397419274
21.17964898934588
21.22967701870948
21.15004602819681
20.91008296702057
20.441950007807463
20.696439023595303
20.611587970051914
21.02223801193759
20.929585967678577
20.657146000303328
20.806341024581343
20.987266034353524
21.06519095832482
20.920739974826574
20.798130019102246
20.439075015019625
23.207977996207774
21.243700990453362
21.14120899932459
20.61137603595853
20.822596037760377
20.402711001224816
20.998068968765438
20.96022997284308
20.719958003610373
20.369542005937546
20.95670101698488
21.273776015732437
20.977626962121576
20.50071704434231
20.5288750003092
20.695817016530782
20.891904016025364
20.98420896800235
20.885535050183535
20.511199021711946
20.553284033667296
20.837677002418786
20.941992988809943
20.796269993297756
20.49592399271205
21.017949969973415
23.649198992643505
21.084478998091072
23.310074000619352
20.994791004341096
20.692046964541078
21.031064970884472
23.583697038702667
20.69882198702544
20.567188039422035
20.740216015838087
21.034595964010805
21.128081949427724
20.67576500121504
20.547765016090125
20.736169011797756
20.972175989300013
21.532276005018502
20.469738054089248
20.94326401129365
20.756207988597453
20.968981960322708
20.959743997082114
20.457772945519537
20.562899997457862
20.521714992355555
20.903386001009494
21.00389398401603
20.682332979049534
20.509902969934046
20.77184501104057
21.13649604143575
21.271837002132088
20.635284017771482
20.67637996515259
20.55005298461765
20.875435031484812
21.12652698997408
20.78098402125761
20.88179998099804
20.483477972447872
21.01221599150449
20.89234796585515
23.790066014043987
20.898828050121665
20.8755069761537
20.92786499997601
23.73552101198584
23.156056995503604
20.913213957101107
20.77500900486484
23.667192028369755
20.893862994853407
20.609087019693106
20.50397003768012
20.694000006187707
23.627115006092936
23.591228004079312
23.63235899247229
23.364611028227955
20.515312033239752
20.936777000315487
20.95903700683266
20.987823023460805
20.44925297377631
20.47697699163109
20.82731295377016
20.751358999405056
20.392334961798042
20.501450984738767
20.92873799847439
21.20704302797094
20.815479976590723
20.930806000251323
20.959139976184815
23.40586401987821
20.97796503221616
23.881155997514725
20.640912000089884
20.874475012533367
20.62140899943188
20.990924967918545
21.0523089626804
21.12317003775388
20.81472403369844
20.799945981707424
20.873538975138217
20.901828014757484
20.915270957630128
20.656394015531987
20.47560701612383
20.8426570170559
20.99825197365135
20.544306025840342
20.73507505701855
21.24862204072997
20.977163047064096
21.139020973350853
23.13243696698919
20.56244999403134
20.90830501401797
20.873647998087108
20.766887988429517
20.73388296412304
20.82097000675276
20.667319011408836
20.758041995577514
