44.808768026996404
34.00842903647572
40.90244398685172
47.40339703857899
47.32109099859372
43.657777016051114
45.283476007170975
40.46006704447791
40.382492006756365
40.84431298542768
41.06014297576621
41.0900849965401
40.88693100493401
40.80437601078302
40.76281300513074
40.90943303890526
40.58382898801938
40.868362004403025
40.71105597540736
42.456358030904084
41.75016097724438
40.76263797469437
41.32531298091635
40.68400099640712
41.13521601539105
41.06751800281927
41.114480001851916
41.11469100462273
41.069171973504126
40.98470904864371
40.91478500049561
41.15678201196715
41.13825596868992
41.3032429642044
40.67920602392405
40.53963499609381
40.40546901524067
40.613684977870435
40.643056971021
40.565858012996614
41.307512030471116
46.42152599990368
46.45126004470512
40.736540977377445
40.89134105015546
41.221378021873534
40.99703597603366
41.13684600451961
40.890887030400336
40.893123019486666
40.829617995768785
41.1144889658317
41.098921035882086
40.88442400097847
40.86357599589974
41.07049899175763
40.9309669630602
40.90387001633644
40.92145001050085
40.811876009684056
41.201980027835816
40.96837900578976
41.12344601890072
41.19625798193738
40.8723609871231
40.83638096926734
41.243218001909554
41.15680203540251
41.25040798680857
40.838172018993646
40.74662295170128
41.19474900653586
40.86309700505808
40.85429199039936
41.16514400811866
40.85540201049298
40.916974015999585
41.20403801789507
40.9772889688611
40.753808978479356
41.08975699637085
40.96788296010345
41.14263196242973
40.86480301339179
46.32902698358521
46.286489989142865
46.376422978937626
46.44771502353251
44.151950045488775
41.24490299727768
40.75850598746911
40.793165971990675
40.825325006153435
41.206019988749176
40.75061599723995
40.83150299265981
40.941359009593725
41.1168520222418
41.17603797931224
41.10682097962126
41.04288399685174
40.857704007066786
40.82303203176707
40.82168999593705
40.916830010246485
41.19873297167942
40.91510601574555
40.70456302724779
40.864267968572676
40.72257096413523
41.1077740136534
41.051182022783905
40.646474983077496
40.79349496169016
41.01363697554916
40.745742968283594
40.79778399318457
40.6429169815965
40.707040985580534
40.69555300520733
40.69303197320551
40.59606802184135
40.76558497035876
40.63798498827964
41.0907759796828
40.795855049509555
41.17103898897767
40.79772700788453
41.262534039560705
40.82584398565814
40.87336896918714
41.27213801257312
40.79312999965623
41.0730600124225
41.29370203008875
41.1033570417203
41.24562401557341
41.18845798075199
40.92275397852063
40.82117596408352
46.32183403009549
46.364751004148275
46.36501701315865
43.81027101771906
40.440890996251255
40.366164001170546
40.57869903044775
40.44375702505931
40.87815497769043
40.810628968756646
40.664973959792405
41.151074052322656
40.97086703404784
40.827099001035094
40.6822320073843
40.93435901449993
40.970425005070865
40.65855703083798
40.75414297403768
40.721784986089915
41.16036498453468
40.73747800430283
41.12645500572398
40.868095005862415
40.92975001549348
40.83079798147082
40.90090503450483
40.8976330072619
40.73300102027133
40.83064600126818
40.80216900911182
40.90833297232166
41.458219988271594
40.98288097884506
40.96937697613612
41.265850013587624
41.42510402016342
41.2627529585734
41.08384798746556
48.895234998781234
40.69878702284768
41.073756001424044
41.05003300355747
40.87789996992797
40.71243799990043
40.64796300372109
40.69069604156539
40.99841899005696
41.156812047120184
40.66565498942509
41.05368099408224
40.87967600207776
41.06015502475202
40.64213403034955
40.77296698233113
40.65559199079871
40.87456100387499
40.634789038449526
41.12651298055425
40.76113301562145
40.7453189836815
40.57610401650891
40.66208400763571
40.88187200250104
40.83931801142171
40.8024070202373
40.932128962595016
41.04645497864112
41.26687301322818
41.3113710237667
40.77485098969191
41.148687014356256
40.84976500598714
41.19565198197961
40.80841696122661
41.28957801731303
41.32268897956237
40.98760598571971
41.088269965257496
40.75250099413097
40.517507994081825
40.82766204373911
40.711254987400025
41.08801198890433
41.249918984249234
41.13020596560091
41.16160498233512
40.92122497968376
41.112437029369175
41.14557499997318
41.25690500950441
41.18728201137856
40.811241953633726
40.875611011870205
40.70572002092376
46.302565024234354
46.18192696943879
46.29373404895887
40.712832007557154
41.052207991015166
40.828414959833026
41.32864798884839
40.428542997688055
40.39660596754402
40.47596303280443
40.72015197016299
40.34185997443274
40.76993797207251
40.48184200655669
40.41198902996257
40.310863056220114
40.910250041633844
40.4052070225589
40.57262500282377
40.99026398034766
40.678005025256425
40.434789028950036
40.95177701674402
40.50012503284961
40.58043204713613
40.51498702028766
40.45106301782653
40.33801198238507
40.4570690006949
40.53765902062878
40.497502021025866
40.92835099436343
40.51654797513038
40.83276499295607
40.590966993477196
40.55661300662905
40.384612046182156
40.996521012857556
41.112358041573316
41.09590098960325
40.84015102125704
40.912294993177056
40.783102973364294
40.86484300205484
41.02324595442042
40.92534095980227
40.84375500679016
41.25865001697093
41.275430005043745
41.05872398940846
41.1623339750804
40.84324202267453
40.80819804221392
40.772832988295704
40.721909957937896
40.746067999862134
40.696492011193186
40.888982999604195
40.76409200206399
40.820139984134585
40.71142402244732
40.879974025301635
40.699779987335205
40.70452699670568
41.107085009571165
40.46617302810773
40.43276404263452
40.476649010088295
40.47754197381437
40.47946399077773
40.74646299704909
40.89063900755718
40.406521991826594
40.502448042389005
40.67664803005755
40.51935498137027
40.886342991143465
40.68483703304082
40.70567403687164
40.66059802426025
40.595898986794055
40.79387697856873
40.6108099850826
40.66151101142168
40.598669031169266
40.71050195489079
40.50573299173266
40.528327983338386
40.56091298116371
40.57872103294358
40.582599001936615
40.98813299788162
40.758432005532086
40.96216696780175
40.95309803960845
40.94322002492845
40.5108779668808
40.65422498388216
40.93720699893311
40.70246801711619
40.860039996914566
40.95935699297115
40.498120011761785
46.122506028041244
43.8444409519434
40.537552966270596
40.460024029016495
40.65791500033811
40.89313204167411
40.99991003749892
40.45016795862466
40.57125002145767
40.47206399263814
40.485022007487714
40.472869004588574
40.517804969567806
40.48442997736856
40.443175996188074
40.67644302267581
40.83356499904767
40.739914984442294
40.85250501520932
40.533041988965124
40.9380909986794
40.78106302767992
40.59158102609217
40.8425199566409
40.85737495915964
40.76653596712276
40.62393499771133
40.71389697492123
40.911490039434284
40.75982701033354
40.61780701158568
40.755176974926144
40.51458899630234
40.719828044530004
41.039959993213415
40.62524897744879
40.67936696810648
40.79274000832811
40.77560699079186
40.59190902626142
41.01966804591939
41.011260997038335
40.716548974160105
40.51904700463638
41.06110299471766
40.92455795034766
40.758827002719045
46.0466259974055
46.12039099447429
40.538656001444906
40.88964802213013
40.61478597577661
40.472027962096035
40.55115097435191
40.52387300180271
40.50667997216806
40.46957800164819
40.9687350038439
40.92396900523454
40.49470601603389
40.979189972858876
40.89136095717549
41.04143497534096
40.85202602436766
40.81687401048839
41.07160400599241
40.68228101823479
40.745478007011116
40.64744000788778
40.945846994873136
41.03150998707861
40.98216199781746
40.49478500382975
40.63180595403537
40.50550202373415
40.670159040018916
40.61677400022745
40.71526898769662
40.593723009806126
40.774246968794614
40.67238396964967
40.74616899015382
40.34643399063498
40.99285299889743
40.50073400139809
40.76855501625687
40.69903399795294
40.76292796526104
40.67115602083504
40.454480971675366
40.90810799971223
40.90297600487247
40.51229800097644
40.75289599131793
40.583745983894914
40.57754995301366
40.61678098514676
40.83843599073589
40.4396359808743
45.98961700685322
45.92594498535618
45.87146203266457
45.979127986356616
40.508420031983405
40.273302991408855
40.48767901258543
40.90997902676463
40.47382599674165
41.016798990312964
40.519727976061404
40.40215798886493
40.689659013878554
40.421534969937056
40.85913300514221
40.435602015350014
40.46515899244696
40.36239197012037
40.80621898174286
40.451047010719776
40.799946000333875
40.77228403184563
40.40623997570947
40.31525400932878
40.40930501651019
40.49472697079182
40.38339399266988
40.42382200714201
40.34077096730471
40.613232005853206
40.56377400411293
40.402428014203906
40.38820503046736
40.36342998733744
40.78874702099711
40.77710799174383
40.54696601815522
40.549908997491
40.50579300383106
40.573641017545015
40.85559502709657
40.58739199535921
40.58935202192515
40.48796102870256
40.755726979114115
40.78876500716433
40.93492403626442
40.75216600904241
46.24168400187045
46.12230299971998
46.17307102307677
46.09568597516045
46.595099032856524
46.12129903398454
46.31326498929411
46.34782002540305
46.086987014859915
46.16119898855686
46.30517802434042
46.06538702500984
46.299314009957016
46.220727963373065
40.78015999402851
40.942995983641595
40.63980496721342
