61.76670896820724
39.31997297331691
58.716424042358994
35.67850397666916
49.56717498134822
36.50177799863741
52.293126995209605
36.505385010968894
53.78667695913464
34.14079098729417
54.51553000602871
38.07299199979752
56.295223999768496
59.40202699275687
65.83800102816895
35.923735005781054
85.63671202864498
42.42277395678684
65.19570201635361
39.48305797530338
56.6815470228903
51.10424302984029
75.02866297727451
47.635786002501845
64.10609901649877
40.13406700687483
81.44691801862791
38.84016600204632
70.95561298774555
39.992212026845664
62.02886701794341
43.64924202673137
67.95452401274815
33.39769598096609
55.806720978580415
43.03423798410222
48.76025998964906
41.43486398970708
75.81301301252097
34.0007430058904
57.76519502978772
43.72431000228971
72.00265495339409
41.300874028820544
52.59217001730576
39.617523027118295
80.7704710168764
49.91889698430896
73.40558496071026
37.02183498535305
61.215862981043756
39.719144988339394
73.30463803373277
36.74630698515102
53.58657898614183
41.90644598565996
86.20736101875082
56.17332400288433
68.19749600253999
40.004539012443274
67.88357702316716
37.82605001470074
75.87505399715155
45.17990996828303
66.91020802827552
42.202416982036084
66.54893100494519
46.8635669676587
61.80132401641458
42.08208300406113
59.379159996751696
39.73421099362895
83.42967799399048
43.78976102452725
48.12740598572418
43.01393899368122
46.6926809749566
34.71383999567479
71.15688396152109
40.301158966030926
76.16490498185158
45.47852202085778
64.87580196699128
38.14603900536895
48.44158299965784
44.98657601652667
85.27101803338155
39.71263999119401
73.66378197912127
37.68706298433244
80.69134404649958
44.12633995525539
71.4884860208258
43.72934595448896
56.562053970992565
44.80552603490651
49.56695204600692
45.73293396970257
52.352960978168994
45.41750403586775
59.4834319781512
38.98479096824303
73.1513939681463
37.74284600513056
48.56834502425045
41.16848902776837
70.37334702908993
39.08610698999837
50.349111028481275
36.934998992364854
75.30274498276412
36.573198973201215
83.93030904699117
43.90860197599977
57.55691998638213
33.28448400134221
75.1698489766568
41.45648505073041
64.89171204157174
36.413290014024824
70.90502901701257
46.05686501599848
75.78057004138827
37.0703759836033
61.315458035096526
37.39819902693853
50.42773898458108
42.57096198853105
63.81439900724217
70.40891202632338
103.31939399475232
65.8579469891265
55.32282899366692
69.04683401808143
83.4447430097498
44.065755035262555
64.6510130027309
42.63112600892782
76.86986098997295
41.36331600602716
53.94924100255594
47.35601902939379
66.51654903544113
35.61727696796879
63.845733006019145
40.20611598389223
73.21526197483763
46.294350002426654
67.18235299922526
36.61954397102818
69.96445398544893
39.730937976855785
57.22152697853744
35.81222303910181
64.43983496865258
37.26766398176551
79.97067802352831
38.589375966694206
47.81310597900301
43.580146972090006
70.55022200802341
37.85363398492336
57.84012097865343
37.030688021332026
104.7731380094774
40.60427699005231
58.68459201883525
40.54526402615011
60.77474600169808
35.40397301549092
86.7859490099363
36.537844978738576
56.437215011101216
40.33382597845048
61.97608803631738
37.73887600982562
63.977804966270924
43.612000008579344
84.16313398629427
36.7059709969908
67.07273097708821
41.37600498506799
47.9163610143587
33.378349035046995
55.22854899754748
34.03799596708268
49.09886501263827
43.61988900927827
46.85541696380824
71.07256300514564
108.13213599612936
58.31112898886204
56.14011699799448
33.521831035614014
59.90706500597298
36.07710701180622
49.443595984485
34.93711299961433
48.28891099896282
44.93143898434937
73.75719305127859
40.75877199647948
57.0264279958792
34.085916995536536
63.44238203018904
41.89454496372491
59.31459798011929
36.868449999019504
56.91974703222513
49.56243699416518
49.62144000455737
48.38326096069068
101.437208999414
38.348492002114654
73.02776997676119
35.78729397850111
64.17241500457749
37.61766996467486
48.74495801050216
37.03430201858282
54.165472043678164
42.71672898903489
51.2437840225175
34.27219798322767
51.15405999822542
39.59499701159075
69.04749997192994
45.749860000796616
54.85168797895312
46.39488097745925
57.00252199312672
36.62907099351287
71.71370304422453
37.04208100680262
76.69409504160285
38.34116400685161
76.64500700775534
44.99614197993651
48.86631795670837
55.9208529884927
73.14553303876892
40.29244603589177
73.49244505167007
33.897385001182556
76.90819195704535
38.8775710016489
49.69177098246291
35.546894010622054
53.47945599351078
44.41845399560407
71.0860849940218
38.21306303143501
47.85350302699953
37.627140001859516
78.09836498927325
39.963053015526384
82.43627601768821
41.7442960315384
47.956111025996506
40.723398968111724
73.56079999590293
43.917129980400205
71.66813599178568
36.239833978470415
57.582751964218915
53.63798001781106
74.21002903720364
41.25034203752875
53.82493999786675
53.6264679976739
86.20424795662984
40.36976699717343
47.963033022824675
39.4117429968901
69.92843095213175
35.36868904484436
67.6963499863632
35.7276140130125
46.789626008830965
45.361414027865976
71.76897203316912
41.94983799243346
50.8274559979327
34.81599799124524
61.310277960728854
41.879158990923315
73.74368602177128
36.8674710043706
55.42091699317098
41.845677013043314
76.6562270000577
44.292181031778455
46.40831000870094
34.590850002132356
60.8711940003559
40.83339200587943
50.98452395759523
35.223312966991216
62.56275996565819
48.68341702967882
75.03547699889168
40.35640700021759
65.22463000146672
39.74517097231001
83.0614460282959
39.518186007626355
75.0365189742297
38.60949195222929
67.09740398218855
47.26308101089671
64.2920809914358
34.16561399353668
48.22577501181513
37.24178799893707
55.13229302596301
38.92894403543323
71.85058604227379
36.84129397151992
61.038311978336424
41.099836002103984
60.30558596830815
37.69077704055235
60.295604984276
41.51710000587627
54.1708369855769
35.84039898123592
56.132339988835156
38.15102996304631
61.90414703451097
38.90316601609811
54.10414800280705
39.493713004048914
50.7879980141297
34.80261698132381
55.69099297281355
36.15664900280535
70.09225699584931
42.789450963027775
57.6651330338791
39.53523200470954
55.245782947167754
38.47782104276121
49.221907975152135
34.809759992640465
53.74716897495091
37.553088972344995
53.2534770318307
37.37085300963372
59.371501964051276
52.34179203398526
98.3662850339897
42.277764005120844
66.54678203631192
38.88392902445048
58.07538900990039
40.23784300079569
56.02417199406773
40.028941992204636
49.114188994280994
39.041272015310824
51.919438992626965
42.137780983466655
74.78729303693399
34.43782404065132
47.89345001336187
36.185516975820065
78.45532801002264
50.80695700598881
55.96998997498304
34.96769000776112
56.954991014208645
42.59895900031552
58.412070968188345
38.87573798419908
49.15290104690939
42.019232001621276
84.7057830542326
39.82093301601708
69.15569998091087
41.86971299350262
46.177735028322786
42.19762596767396
65.4963890556246
46.76569299772382
51.368410990107805
35.59499001130462
80.19780903123319
41.93431098246947
79.77916399249807
35.757591016590595
58.244949963409454
40.37691903067753
73.85457900818437
40.72809498757124
50.54038402158767
36.80703602731228
64.8347029928118
40.86352599551901
60.25634001707658
40.38192599546164
68.42525000683963
46.1447510169819
77.59261800674722
40.924682980403304
50.88572599925101
38.85561099741608
58.218721009325236
39.09106401260942
58.48140502348542
37.41410799557343
61.737179988995194
35.35492200171575
70.41836000280455
47.47565696015954
48.76983998110518
41.23319499194622
68.05526500102133
48.65288798464462
79.74828797159716
37.11751999799162
64.98768000165
36.708104016724974
56.80822901194915
47.99107299186289
45.67146603949368
46.14968999521807
86.49118000175804
42.511945008300245
58.50266001652926
36.603921034839004
69.61840798612684
46.98060796363279
78.29405600205064
49.92412397405133
47.931509965565056
49.01497100945562
63.74774797586724
40.23181501543149
63.27524496009573
37.92995400726795
76.77996798884124
55.737977963872254
64.35573298949748
41.29197099246085
49.54423400340602
45.49243301153183
86.37222996912897
43.41972398106009
66.94048404460773
41.963450028561056
73.14151496393606
39.7003130055964
65.2632019482553
37.066756980493665
55.33345596631989
48.180799989495426
47.616082010790706
33.46855397103354
56.02620402351022
35.55108798900619
76.3481569592841
37.18100301921368
46.97831999510527
43.63965900847688
45.97025801194832
43.8497030409053
58.87805396923795
41.6286860127002
56.128897005692124
38.78499200800434
65.95826102420688
41.075998975429684
81.20290999067947
36.495598033070564
50.34451896790415
40.50468001514673
63.28720401506871
39.761444029863924
49.70960901118815
33.95960800116882
53.96664998261258
40.35174997989088
63.79806902259588
37.44235698832199
55.40234595537186
42.35512699233368
61.73160095931962
38.617834041360766
75.44505101395771
36.158158036414534
66.5873060352169
35.98844900261611
72.26974499644712
40.602520981337875
54.119300039019436
40.03969399491325
73.91486200504005
44.06272299820557
56.06994096888229
37.3214139835909
75.53818600717932
35.364529001526535
65.90439501451328
39.825487008783966
57.76216700905934
43.83014002814889
72.50042003579438
35.93178803566843
52.838441042695194
35.80243600299582
70.18133299425244
37.99233603058383
62.84821702865884
36.89351002685726
53.45589300850406
41.122635011561215
54.922261042520404
42.005366005469114
63.7644570088014
38.1928610149771
66.57316500786692
37.586158025078475
64.73366898717359
36.91602201433852
50.64598500030115
42.26741602178663
62.07810196792707
38.910362985916436
50.61902402667329
41.039858013391495
82.10113499080762
38.54800702538341
56.96915596490726
37.27921098470688
44.69856497598812
34.73358100745827
58.367100020404905
39.23109598690644
51.45722400629893
35.38917802507058
70.22021198645234
38.64157298812643
73.36709002265707
44.24872400704771
64.74080198677257
40.74579698499292
73.68213898735121
39.19020696775988
48.10791200725362
39.170635980553925
80.72433498455212
48.01799502456561
72.53218902042136
37.09246497601271
64.59373701363802
41.13383399089798
77.26290397113189
49.11824001464993
49.90545701002702
37.778974045068026
64.43530501564965
35.38809099700302
57.77330801356584
36.05358401546255
59.55790897132829
41.98359197471291
75.55055798729882
37.69242000998929
52.80316196149215
46.377460996154696
81.09654596773908
45.14534800546244
61.14065903238952
38.316024001687765
67.77656398480758
39.9670290062204
62.9394690040499
41.2471040035598
57.91743804002181
43.98362396750599
97.38858201308176
50.72778899921104
77.06189004238695
41.097613982856274
71.41673401929438
37.22078201826662
68.54223797563463
43.8445889740251
63.42419097200036
48.01095701986924
71.11795200034976
46.55928799184039
63.441223988775164
34.490363963413984
80.64282801933587
43.70718001155183
63.68616595864296
35.4603580199182
49.38092298107222
42.37999097676948
68.74298001639545
46.478590986225754
56.26710201613605
38.206408033147454
76.40655100112781
41.206881985999644
75.3767309943214
35.40736704599112
50.10782502358779
40.99801799748093
54.89556200336665
45.5496939830482
54.171727038919926
38.69613399729133
74.30109701817855
38.83856697939336
75.6091580260545
44.87667098874226
52.377087995409966
47.91934503009543
70.1992700342089
41.703529946971685
49.00623002322391
37.18960500555113
66.00364198675379
37.2045460389927
67.10184703115374
41.64932598359883
58.01009095739573
42.77500696480274
56.24160502338782
36.234844010323286
50.11651699896902
47.63963702134788
95.63735697884113
41.83122800895944
49.893988005351275
39.69718003645539
52.72104503819719
53.213784005492926
69.87297401065007
40.219388029072434
54.724169021937996
37.868521991185844
59.31180500192568
38.66530302911997
60.761314001865685
37.33874898171052
53.32016898319125
43.28002798138186
59.72730502253398
44.49262999696657
50.18043104792014
35.664181981701404
57.180356001481414
36.84368199901655
48.11162099940702
46.48889397503808
83.65893800510094
48.24860399821773
94.1291429917328
38.04865502752364
90.82482603844255
48.711796989664435
64.70163998892531
47.653731948230416
84.85066302819178
37.086499971337616
52.80483904061839
45.85711401887238
74.24598303623497
38.47762901568785
56.04756798129529
40.99653597222641
69.36984998174012
41.71772103291005
84.53547704266384
46.59625800559297
50.364576978608966
38.657193013932556
46.38656001770869
45.011004025582224
53.51403896929696
34.306744986679405
63.76233301125467
36.07215697411448
75.84360399050638
32.9676209948957
53.854473982937634
45.402936986647546
65.09860401274636
37.87321696290746
47.87541396217421
42.534771957434714
48.73297602171078
43.794158031232655
53.10489097610116
35.05034203408286
46.75810900516808
44.45734905311838
76.33706199703738
41.95123602403328
58.28466499224305
39.20464601833373
72.9426610050723
38.48347102757543
80.35982499131933
35.601177951321006
54.643959971144795
36.81239899015054
47.20269900280982
33.13516895286739
69.42816701484844
43.60402200836688
50.77701201662421
38.97671599406749
52.32131201773882
39.472762029618025
57.73551296442747
38.672761991620064
71.48569903802127
40.617307007778436
53.51753701688722
35.39327799808234
84.35262303100899
41.76418099086732
75.92590799322352
40.05841299658641
68.00011201994494
41.39641497749835
57.849625998642296
39.55034801037982
64.96983702527359
40.87892099050805
82.80292496783659
39.040069037582725
63.517965958453715
38.60285697737709
65.31835300847888
45.77289300505072
73.42459401115775
45.54575600195676
57.89762595668435
47.66073799692094
79.41212895093486
45.44935002923012
78.9992680074647
35.52226099418476
69.89766302285716
41.8180080014281
63.505428028292954
42.73872496560216
49.75899896817282
42.58262802613899
81.29085099790245
43.62640099134296
56.88926199218258
37.698925007134676
48.22853102814406
35.67156504141167
70.23124396800995
39.57749798428267
50.37354398518801
48.42562600970268
56.62594496970996
38.62096997909248
72.71268399199471
44.06849801307544
79.83375800540671
38.536117994226515
76.55478798551485
37.567310966551304
48.309573030564934
43.04549895459786
65.74992398964241
39.04548502760008
75.5039700306952
35.94937501475215
68.13949096249416
40.5947639956139
76.83710299897939
55.11159001616761
53.4637970267795
44.04527600854635
64.59050701232627
47.41020902292803
78.19189096335322
38.4983709664084
69.11634001880884
33.24727702420205
51.41246796119958
45.18653900595382
49.54191896831617
54.94341201847419
64.59343899041414
38.81644899956882
76.68932701926678
38.00483699887991
63.12298803823069
45.17653799848631
71.1016189889051
49.05978299211711
52.706074027810246
41.491887997835875
71.53487403411418
49.16791699361056
65.38429204374552
38.20888698101044
78.2393499976024
41.90868098521605
78.23355199070647
34.7338659921661
47.45957598788664
41.34083801181987
63.318462984170765
47.5079279858619
47.250767005607486
36.146736005321145
76.38473302358761
41.58615798223764
73.34444602020085
38.061002967879176
64.52355097280815
44.042633031494915
65.66607300192118
37.65576198929921
47.1800229861401
36.57793701859191
69.90869896253571
42.30495501542464
78.67731497390196
38.94010098883882
66.04319100733846
46.4602240244858
73.3530760044232
39.3437470193021
61.3160629873164
37.356184038799256
76.73557300586253
35.51762201823294
61.7269070353359
40.69809400243685
62.360476003959775
41.78264702204615
73.89757200144231
40.038634033408016
51.40378198120743
35.79410200472921
64.33240999467671
46.44976294366643
80.81935503287241
35.51217704080045
64.80555603047833
42.20077802892774
74.55530803417787
34.23738601850346
56.421137996949255
35.86921497480944
71.39626500429586
38.63725595874712
72.79259903589264
35.67059896886349
59.377736994065344
45.2399660134688
87.17902598436922
45.23517901543528
46.16746597457677
43.57062996132299
72.32846296392381
45.09033804060891
68.62749101128429
37.681938032619655
65.62214001314715
48.53087797528133
69.99916402855888
42.83535503782332
53.658318996895105
39.440291991923004
64.19905700022355
54.46938198292628
74.36888600932434
35.8353330520913
52.41055699298158
35.372513986658305
78.19818501593545
42.73576597915962
48.55182400206104
33.426448004320264
85.97559505142272
45.929518004413694
78.3753709984012
37.70813095616177
57.821460999548435
42.876713967416435
58.656431967392564
38.93485898151994
46.71596200205386
43.484559981152415
71.26051798695698
43.51585399126634
51.792327023576945
36.17605101317167
63.86978703085333
40.76318698935211
79.41060099983588
34.59025698248297
48.35944704245776
34.19186599785462
55.989208980463445
37.603559030685574
53.653928043786436
34.54869397683069
81.56934997532517
33.05224695941433
64.84810501569882
37.4910369864665
50.53675401723012
39.5900160074234
65.7308209920302
41.644987009931356
46.33328004274517
40.61436100164428
66.05724198743701
44.87106198212132
78.91023700358346
51.48907599505037
54.96686900733039
44.011966965626925
67.8622080013156
46.434991993010044
54.23492600675672
34.32591998716816
63.069822965189815
42.19994100276381
63.87653498677537
36.31396999116987
54.01964101474732
47.18502901960164
63.280599017161876
41.72138898866251
72.34748505288735
37.33233403181657
73.35388095816597
41.994788974989206
81.77689398871735
41.07290197862312
67.4503089976497
50.52136396989226
75.76022599823773
41.852356982417405
84.52391100581735
38.57094299746677
65.49401301890612
40.03561899298802
78.15216900780797
43.19736995967105
48.76084701390937
51.09633598476648
46.24473600415513
44.934606994502246
52.208636014256626
36.46805399330333
76.8980790162459
43.17230300512165
68.75002704327926
35.6928679975681
51.724279997870326
49.47398597141728
74.38564399490133
41.24450997915119
62.522876949515194
37.75404900079593
64.50730201322585
42.01357101555914
77.22251303493977
37.62920503504574
49.80666399933398
41.101396025624126
86.04336495045573
45.927270024549216
63.26256395550445
33.65567995933816
69.60475200321525
41.77549498854205
74.37974400818348
33.01794099388644
53.3901319722645
43.11716998927295
71.69179001357406
41.7633670149371
76.60124701214954
38.3028729702346
71.97238400112838
48.0262819910422
77.46000698534772
38.496399007271975
54.029490042012185
45.966250996571034
72.45005900040269
54.204703017603606
71.65637699654326
38.02843298763037
71.04101899312809
38.87889999896288
84.3981079524383
43.814664997626096
51.984247053042054
49.56759500782937
73.37858999380842
38.98590098833665
56.707664974965155
36.5917359595187
68.8942339620553
45.064701000228524
80.57438599644229
42.805034026969224
55.71424501249567
43.3833790011704
85.98697202978656
35.57888697832823
46.79354699328542
34.88334297435358
79.3095440021716
41.15988902049139
75.68187505239621
38.90732896979898
59.74016897380352
41.88780300319195
78.96980503574014
48.26116102049127
50.226739956997335
36.58699098741636
79.7357140108943
43.84108103113249
76.66122302180156
33.176877012010664
50.632978964131325
49.31438900530338
77.84669497050345
41.03975999169052
49.42300001857802
34.90112302824855
59.882381989154965
39.1188960056752
78.9149790070951
33.3147129858844
60.29292196035385
44.71470101270825
70.84125402616337
45.54241098230705
47.0530969905667
40.53705598926172
77.97867502085865
43.864048027899116
71.61752704996616
39.16133602615446
65.6271000043489
44.064653979148716
72.19043298391625
49.90801599342376
52.822667988948524
39.123970025684685
84.14964703842998
42.66687901690602
63.78014100482687
33.449448994360864
52.451366966124624
41.56912403414026
74.23299003858119
37.217063014395535
69.49322298169136
35.95504100667313
83.9089370565489
50.289442006032914
82.72770198527724
41.82567598763853
69.51692700386047
48.54816501028836
66.51616899762303
42.8308000555262
57.274502993095666
43.44639100600034
61.39872700441629
43.698998051695526
76.32401696173474
37.33923198888078
68.24842898640782
38.92354900017381
76.70375402085483
44.497353956103325
47.124347009230405
45.57110002497211
66.66519900318235
39.12567801307887
82.67356100259349
35.55008303374052
59.21507999300957
39.306828984990716
72.61736097279936
39.40691996831447
51.580997998826206
48.55340102221817
68.21320403832942
39.060081995557994
50.682694010902196
35.84451298229396
56.97097297525033
33.4201930090785
70.31731499591842
47.55462001776323
57.057178986724466
46.95267300121486
65.98595704417676
36.800417001359165
73.71488999342546
34.19955400750041
67.16739101102576
46.77788901608437
76.26411796081811
38.86200999841094
66.95855205180123
54.20127499382943
70.55084203602746
39.42354302853346
58.08859196258709
34.965938015375286
64.0318319783546
41.38364497339353
54.05107495607808
38.90730801504105
50.945340015459806
41.05729598086327
51.41449999064207
41.85496096033603
69.37017099699005
36.330776987597346
68.64212901564315
39.50554400216788
50.783688959199935
37.15055901557207
50.076193001586944
40.64007801935077
83.8564449804835
34.01397296693176
52.1904380293563
36.16540698567405
84.66396102448925
52.12359898723662
71.75203802762553
33.42028596671298
65.30301901511848
42.454702022951096
54.40247600199655
50.48037500819191
79.03020398225635
40.94670101767406
79.94989003054798
46.44602403277531
73.38431401876733
35.65986198373139
65.78785803867504
44.12179900100455
54.49822498485446
41.145391995087266
59.53985400265083
37.811774003785104
52.353594976011664
39.482023974414915
76.48093299940228
35.598355054389685
45.877618016675115
45.303772029001266
65.02589699812233
36.23182303272188
52.80749796656892
43.41855098027736
60.13085105223581
40.019172010943294
74.01348801795393
45.759889006149024
54.03847497655079
38.995481038000435
79.98246198985726
40.98177200648934
63.99012601468712
37.520923011470586
80.47529496252537
37.40174201084301
58.88462602160871
33.29901600955054
58.64415201358497
46.96235904702917
59.142504003830254
34.47643801337108
52.288830978795886
36.11142304725945
75.9148889919743
56.55379104427993
75.6502109579742
33.44398096669465
71.16345298709348
40.62294797040522
68.51027300581336
34.04367802431807
48.97656902903691
36.73396096564829
65.52192498929799
36.3100579706952
51.39592400519177
34.581193001940846
53.81858703913167
36.508833989501
46.827982005197555
35.9765209723264
54.07843698048964
37.262378027662635
69.23136196564883
41.749191004782915
63.5782620520331
33.57433504424989
60.749440046492964
39.67494098469615
53.57292998814955
37.4870469677262
50.76161999022588
37.83479501726106
52.77169297914952
34.18241400504485
58.384770003613085
36.78014501929283
55.71998801315203
37.6360320369713
53.67332196328789
38.7739859870635
51.266306021716446
38.55071199359372
75.42768504936248
35.862581979017705
60.22443500114605
33.60202303156257
53.372490976471454
36.04060201905668
49.25189400091767
37.465594010427594
47.64087399234995
38.496238994412124
57.057092955801636
37.556480965577066
55.03845703788102
36.29249701043591
70.54760894970968
39.49756495421752
51.75716005032882
35.956769017502666
46.497991017531604
46.932939963880926
56.11009296262637
37.63786202762276
74.3901560199447
36.00796702085063
71.43269100924954
42.033401026856154
73.50515102734789
40.811126003973186
51.23246303992346
42.17973904451355
72.75344198569655
46.56340001383796
59.2288639745675
41.25448002014309
69.66881098924205
39.934745989739895
60.34314201679081
41.751773038413376
56.71722599072382
50.835724046919495
68.48911003908142
40.97746702609584
73.83695302996784
36.77846200298518
64.3340100068599
39.728745992761105
85.66214196616784
55.969032051507384
72.90101196849719
42.62030898826197
68.83843301329762
39.651030965615064
59.027473034802824
37.84399700816721
59.56885201158002
48.02459402708337
74.91143402876332
44.882351998239756
64.21525700716302
54.92502299603075
71.13676995504647
39.16555299656466
55.74740102747455
37.47713199118152
71.74212601967156
48.97588602034375
70.26857399614528
36.63749003317207
46.66489502415061
48.17863000789657
56.74970202380791
37.97434997977689
52.82027501380071
34.64435803471133
56.162038003094494
35.01653700368479
48.89430903131142
36.24739695806056
49.00227300822735
42.27622802136466
69.05385397840291
49.086442042607814
51.50183598743752
36.71413997653872
57.90495703695342
41.50140401907265
75.20374795421958
38.50972099462524
59.73030399763957
35.29313101898879
68.53441300336272
44.43760099820793
60.360478004440665
34.70822598319501
65.55550097255036
35.34311399562284
72.96263799071312
33.30036799889058
46.865458018146455
43.775305966846645
78.15993600524962
53.76162100583315
63.88751702615991
45.2795930323191
74.03485500253737
59.770173975266516
73.50770098855719
43.22407505242154
53.69263602187857
42.60801000054926
73.21237795986235
38.98555802879855
52.199143974576145
40.202823001891375
69.15575894527137
41.616359958425164
78.02480802638456
35.39308102335781
60.00547099392861
42.19455097336322
63.011372985783964
43.36376197170466
67.72664602613077
33.68880500784144
52.17337503563613
45.22744403220713
55.470551014877856
34.046529966872185
52.11990198586136
41.73181898659095
79.41777002997696
42.23789396928623
79.74508201004937
41.19783401256427
75.70290396688506
41.67887300718576
73.22423602454364
39.97558599803597
63.13694699201733
40.82910402212292
79.40420700469986
41.87009303132072
54.36905601527542
39.26013800082728
79.67638602713123
37.94878604821861
70.62040502205491
34.400500007905066
62.04306101426482
42.18065302120522
81.74609200796112
45.44971603900194
69.93195897666737
35.503635997883976
70.27040800312534
43.64226298639551
45.94789101975039
33.72931701596826
59.06142998719588
39.170851989183575
86.6330559947528
46.027702977880836
67.01160402735695
42.99412004183978
67.16085004154593
44.99041195958853
73.89797799987718
43.469635013025254
60.86110800970346
47.96358203748241
76.98580500436947
35.75916797854006
68.81990504916757
42.37916198326275
60.29345199931413
40.252688981126994
58.03139402996749
41.4714349899441
59.74128301022574
39.02302298229188
55.03348197089508
40.78233503969386
50.42384803527966
33.982266031671315
87.69952802686021
46.35852394858375
66.10225699841976
43.92666800413281
73.63764400361106
42.80799301341176
53.76341397641227
39.60451000602916
71.77243003388867
61.88845599535853
69.9743689619936
45.35428999224678
93.80202897591516
39.9773659883067
65.2544210315682
35.22635000990704
73.85234400862828
39.342432050034404
46.18781799217686
41.58642899710685
70.08606503950432
38.26289199059829
51.418307004496455
38.34160597762093
62.0867459801957
46.180554025340825
77.91009999345988
34.97752599650994
50.9996929904446
46.97643598774448
78.56313604861498
44.701061968225986
73.04538099560887
37.31868998147547
63.38572798995301
39.77902396582067
66.79569400148466
35.43582302518189
56.47128098644316
48.0000950046815
55.70439400617033
33.7927850196138
71.94300298579037
37.96642902307212
69.85089799854904
46.79975000908598
72.93552497867495
35.27471999404952
53.267174982465804
47.15114500140771
84.57858400652185
44.771354005206376
63.00533399917185
39.13791500963271
74.97690501622856
41.25253501115367
79.25986999180168
45.507679984439164
51.33733799448237
38.01332600414753
73.18091701017693
38.983695034403354
70.38841804023832
36.938778997864574
66.77381502231583
43.53028198238462
77.74580497061834
39.4742870121263
51.06969201005995
45.779766980558634
81.49071200750768
43.39433403220028
58.1990210339427
36.93962004035711
83.76029395731166
40.40675301803276
77.02731702011079
40.17614497570321
50.06637203041464
47.75745898950845
66.40229903860018
33.201589016243815
76.92718901671469
43.07472996879369
53.784888004884124
43.926827958785
78.18679400952533
40.04488902864978
59.16566599626094
36.34534799493849
79.48653300991282
43.047601997386664
77.15053396532312
34.480435017030686
61.265315976925194
46.37637600535527
81.81864401558414
36.4005719893612
49.58506301045418
51.59887403715402
65.2835019864142
44.12898299051449
71.75861700670794
40.400235971901566
74.62533499347046
44.96129497420043
76.3657659990713
39.9583259713836
40.81765003502369
52.227284002583474
77.11916696280241
49.88149501150474
65.23038196610287
39.130024961195886
71.27015496371314
44.72487699240446
73.15256498986855
32.95110200997442
58.14588797511533
46.10988701460883
70.68068103399128
55.51493196981028
69.05190797988325
41.248391033150256
71.14496600115672
44.8878490133211
68.5365799581632
34.450126986484975
58.628225000575185
42.69005998503417
74.09851904958487
48.84746699826792
46.987362031359226
34.887744986917824
57.46136198285967
45.360751973930746
65.36476599285379
39.73006998421624
45.876891002990305
39.2219889909029
78.98777403170243
36.24161996413022
62.74318101350218
37.875882000662386
78.04081495851278
41.36373498477042
78.94350698916242
39.939353009685874
52.41731001297012
44.010726967826486
49.4405259960331
41.212651995010674
64.52729902230203
36.05103201698512
48.84374001994729
36.07243800070137
52.737916994374245
36.940496996976435
55.50271802349016
41.48209100821987
65.52617100533098
41.489160037599504
60.23121299222112
35.38940194994211
85.75646195095032
42.020735039841384
69.64145298115909
33.959411026444286
58.19054302992299
36.70250897994265
68.50779795786366
38.202068011742085
50.78880797373131
33.73213001759723
90.61545797158033
46.12740996526554
50.371255027130246
37.19157900195569
58.36250400170684
41.21282196138054
68.00937303341925
36.90039197681472
51.56595801236108
36.871142976451665
51.503609982319176
36.29184002056718
53.177441004663706
35.74801504146308
78.5221999976784
35.615519038401544
71.03208999615163
34.370789013337344
52.671129000373185
45.21486000157893
53.44424303621054
37.58512402419001
63.85598599445075
38.964193023275584
65.42267900658771
40.14174302574247
79.91271698847413
34.25305901328102
60.29568798840046
41.81798198260367
49.349950975738466
42.99018403980881
65.10683899978176
37.92798798531294
65.80426701111719
42.16697899391875
69.45697200717404
33.875614986754954
54.40053500933573
40.18682200694457
51.50686000706628
37.25099400617182
59.38211298780516
35.53774795727804
61.70504499459639
37.354423955548555
65.18030300503597
34.20557995559648
50.62271497445181
45.21802201634273
51.51275696698576
48.69954701280221
51.13826203159988
34.537656989414245
58.44209197675809
35.52792803384364
73.2304870034568
35.324523982126266
46.047753014136106
42.449962988030165
71.88744196901098
41.90389101859182
46.408237947616726
36.07898001791909
50.33385299611837
35.680514003615826
68.83462896803394
36.060801008716226
75.43706998694688
44.97332702158019
60.86622999282554
40.20546196261421
55.4894270026125
63.895056024193764
59.164013946428895
35.28688702499494
70.95147797372192
39.50272803194821
52.05503600882366
50.99038401385769
62.381231982726604
35.51024099579081
75.08339802734554
36.641168990172446
55.37735903635621
45.545927016064525
54.12305903155357
40.16605403739959
70.43596601579338
33.749061985872686
59.48997096857056
43.48899197066203
68.16264503868297
36.426144011784345
63.60294303158298
41.17420699913055
70.34736999776214
39.04989501461387
54.6839659800753
35.159372026100755
49.51842001173645
35.684694012161344
52.07914701895788
41.03712103096768
62.70423700334504
40.58777802856639
47.59242298314348
40.36458197515458
46.8750320142135
34.976950963027775
74.71059903036803
40.81612604204565
53.6674180184491
38.23471401119605
64.11199603462592
39.649690967053175
50.269782019313425
37.75701200356707
48.37631300324574
36.458585993386805
97.91839396348223
39.413166989106685
45.93428102089092
36.55433503445238
65.3327289619483
48.61414397601038
74.1527290083468
34.44259497337043
46.98391200508922
35.82609904697165
47.30957600986585
47.75318398606032
46.056781022343785
73.00778600620106
80.99637099076062
49.05167798278853
72.14111299254
34.838593972381204
51.27381003694609
42.188759020064026
65.99145196378231
41.52066103415564
55.46785204205662
33.67860900470987
67.65541498316452
38.924064952880144
54.137519968207926
41.161502012982965
51.048816996626556
46.45604098914191
52.32006998267025
36.04108199942857
52.206779015250504
36.8258060188964
73.56327096931636
33.24463096214458
52.16260103043169
41.00102896336466
46.70116800116375
33.98812597151846
49.38762303208932
39.55472103552893
78.88574298704043
33.54159800801426
48.641143017448485
36.32917802315205
58.852565998677164
56.31809099577367
57.34412500169128
34.988873987458646
49.557731952518225
34.80811300687492
60.55931997252628
41.790049988776445
60.37343596108258
33.5815449943766
48.89290302526206
57.65836103819311
98.91273494577035
35.726045025512576
46.13278299802914
36.291322961915284
68.04643699433655
39.51803199015558
46.74934002105147
40.35926703363657
67.38895602757111
37.98296401510015
78.97653296822682
45.41503597283736
49.93884003488347
38.22730400133878
64.00007504271343
38.47523202421144
87.01215300243348
41.93688801024109
80.9346329770051
35.066006996203214
57.8292430145666
49.63066498748958
52.94088600203395
36.99883399531245
55.18109700642526
44.76947203511372
76.67938998201862
40.178567986004055
72.23266898654401
35.80325102666393
65.96327398438007
42.157266987487674
73.31450399942696
35.4979420080781
52.9832259635441
38.88320201076567
62.618552008643746
35.73759301798418
56.07487302040681
37.25511999800801
57.94404697371647
41.21992603177205
65.87268796283752
40.19358695950359
50.40794599335641
42.462915007490665
69.72425495041534
39.155539998319
85.1816589711234
34.45590997580439
70.09141601156443
40.64144700532779
70.86783001432195
39.53169099986553
59.379865997470915
48.844404984265566
72.3378790426068
49.59271603729576
56.81256600655615
34.42950203316286
77.5217289919965
40.27185001177713
74.07994195818901
54.84634102322161
51.743678050115705
51.06873397016898
71.90346601419151
38.743510958738625
74.5173059985973
33.29564101295546
70.0099550304003
44.87224301556125
73.85501399403438
50.40421400917694
46.281541988719255
46.71952698845416
72.02120299916714
41.92338400753215
50.76529801590368
36.486525030341
73.5643359948881
40.16472795046866
47.801784006878734
33.082756970543414
48.29948802944273
53.657675976864994
51.35529104154557
39.01563701219857
48.792367975693196
34.97041203081608
65.7551369513385
41.04530700715259
51.92840698873624
40.51753302337602
52.53652500687167
42.47341997688636
74.87381499959156
39.654385996982455
74.92775603896007
34.95540004223585
68.69750696932897
36.999984993599355
61.37788400519639
40.105007996317
51.313472038600594
35.542097000870854
67.88595300167799
44.41028001019731
49.76423498010263
34.529519034549594
73.47472297260538
40.60830199159682
74.61593701737002
40.53426196333021
51.62166396621615
35.529399989172816
56.92088004434481
45.45460897497833
49.350641027558595
36.97148896753788
68.29020899021998
33.33593998104334
46.23703198740259
37.20436798175797
52.452992007602006
45.274014002643526
60.28053001500666
38.42341498238966
66.24226301210001
34.11476197652519
49.26873097429052
36.712764005642384
53.36245201760903
37.22224000375718
53.94233297556639
38.49996597273275
62.56446096813306
36.2556780455634
57.83838400384411
40.10169702814892
68.30140599049628
42.30211803223938
71.78829703480005
44.002518989145756
53.77029400551692
39.61125499336049
72.18012399971485
38.86479797074571
52.64255101792514
38.11093099648133
74.08260798547417
41.62718600127846
55.427054001484066
44.24811596982181
58.67016199044883
42.0865110354498
65.53443596931174
36.0697649884969
51.46105197491124
36.2153869937174
68.98434599861503
47.888831002637744
49.99105999013409
39.07490300480276
55.765358032658696
33.07354700518772
83.36366800358519
55.31289300415665
63.30819398863241
36.97556402767077
78.29334295820445
35.146182985045016
56.330022984184325
34.36597198015079
55.4020480485633
43.94299100385979
69.09411295782775
46.801621036138386
54.605509038083255
40.67962197586894
54.15681202430278
40.695042989682406
67.61450902558863
35.85457196459174
52.62489302549511
52.42206604452804
74.83916700584814
38.43552200123668
52.087377989664674
38.65469800075516
73.82779498584569
38.850217999424785
77.73154199821874
40.63518100883812
65.42148697189987
40.1749950251542
63.17869800841436
38.60812104539946
48.15920296823606
45.1561440131627
53.76822000835091
41.58985399408266
54.155767953488976
38.2010709727183
67.04180198721588
33.211356960237026
73.38898302987218
42.13419702136889
50.67991896066815
49.63028302881867
74.85486596124247
38.61965500982478
69.77563601685688
41.85626900289208
63.557251007296145
40.91082903323695
71.7994460137561
46.43968102755025
53.43037599232048
42.353692988399416
89.40135902957991
45.10073200799525
78.32677499391139
37.12246799841523
67.50149896834046
37.30680700391531
83.73712497996166
39.63903000112623
48.76965703442693
42.164857033640146
69.0615110215731
38.66097202990204
80.51655202871189
37.161449959967285
78.45473801717162
39.18028296902776
69.63891198392957
42.9750659968704
54.6271390048787
50.83775403909385
62.865633983165026
40.170628984924406
61.506046971771866
38.21205603890121
81.50666597066447
37.51360601745546
52.21901903860271
42.642741987947375
54.76857197936624
50.04017299506813
73.3753259992227
41.95076896576211
66.69133296236396
41.922693024389446
75.1114459708333
36.62597597576678
80.18073998391628
44.913552002981305
66.96279998868704
40.92599602881819
81.98523405008018
39.54585699830204
52.34512500464916
39.409085002262145
67.83942604670301
45.68576003657654
50.398746971040964
33.42237998731434
54.207126959227026
46.818981994874775
57.64488101704046
36.3636760157533
51.767424040008336
36.181628005579114
63.58984299004078
41.791828989516944
74.97617899207398
40.948975016362965
65.10726700071245
44.961866980884224
56.36748898541555
38.13872201135382
53.087810985744
38.56263600755483
61.080707993824035
36.943446029908955
77.58080295752734
37.78050100663677
59.459051000885665
35.795844974927604
79.30266996845603
51.614016003441066
65.52230496890843
34.71735003404319
52.77233803644776
34.73818098427728
74.1923910100013
45.98538897698745
49.33787300251424
38.495510001666844
58.80088300909847
35.69531696848571
63.39831597870216
44.92967500118539
70.15104702441022
45.06400797981769
52.062322036363184
36.25340998405591
56.06812197947875
45.12209497625008
63.207117025740445
36.76661296049133
67.27235997095704
59.6084879944101
87.90318499086425
39.804700994864106
66.0814909497276
39.21308199642226
65.94511301955208
46.11062502954155
64.69453300815076
48.95508097251877
63.25166200986132
40.82284000469372
70.52841101540253
42.16160002397373
72.99286697525531
40.644589986186475
54.15483802789822
40.46725598163903
65.60830201487988
40.064366010483354
58.369776990730315
42.0029079541564
66.8118639732711
39.70532998209819
73.99393996456638
37.36148000461981
67.918359010946
41.47442599060014
66.03036500746384
50.57800398208201
58.44491597963497
39.16963201481849
82.64810300897807
39.76288699777797
58.565457991790026
41.229769005440176
57.21218202961609
34.38327996991575
49.4460659683682
40.841677982825786
69.95535199530423
39.69125199364498
64.51444898266345
39.44806900108233
65.5669430270791
46.16159602301195
71.56726799439639
41.9675680459477
70.27455099159852
38.06848597014323
63.2432559505105
39.5645450334996
65.4218690469861
39.733771001920104
66.04645703919232
39.628462051041424
60.26578397722915
41.239814017899334
64.10474597942084
39.220199978444725
70.41817397112027
39.94346898980439
60.96519296988845
37.73245500633493
58.525744010694325
44.39932300010696
67.92160897748545
48.2069660210982
63.561832008417696
38.790440012235194
55.322594998870045
40.225746983196586
63.075998972635716
41.248713969253004
65.9741010167636
41.43671499332413
73.46755597973242
46.55661602737382
64.26499999361113
34.568200004287064
47.41110501345247
42.21888701431453
63.25771001866087
36.932088958565146
71.75894902320579
46.28474800847471
78.18886399036273
47.12145001394674
68.79725004546344
37.73069498129189
57.606097019743174
38.55786001076922
71.79550599539652
36.841144028585404
62.20288900658488
37.6713759615086
79.71322600496933
45.20381096517667
64.25003905314952
41.0647609969601
60.61821198090911
39.921807998325676
59.62509597884491
39.374448999296874
47.63754201121628
41.479979001451284
66.16222398588434
42.56742203142494
60.077132016886026
40.05887795938179
60.669701953884214
38.310728035867214
76.93650998407975
43.95028203725815
57.17805802123621
39.37076003057882
69.84399998327717
44.711624970659614
60.89913100004196
38.056046003475785
68.98127199383453
44.75604899926111
57.18798702582717
38.74073998304084
64.84287302009761
49.00485201505944
63.61035001464188
37.69097599433735
57.75666196132079
43.66664704866707
64.71631297608837
36.200770002324134
68.75575199956074
40.33282399177551
74.3593109655194
41.87294899020344
58.90553502831608
38.745717029087245
50.89777597459033
48.60404797364026
76.19190600235015
39.373598992824554
66.97292200988159
38.22861996013671
63.472377019934356
48.81603905232623
59.37890900531784
45.34534300910309
53.31829801434651
41.014890011865646
59.07447903882712
38.51177199976519
64.58046199986711
39.36369298025966
64.38834697473794
46.67849699035287
58.9219750254415
45.102467003744096
60.62353897141293
40.36556201754138
64.19439101591706
34.35645700665191
64.74878202425316
36.75144998123869
71.71823200769722
47.732417995575815
62.38564196974039
36.947066022548825
60.95919304061681
40.09787697577849
69.39744396368042
38.94433699315414
66.96884299162775
36.66401997907087
60.262396989855915
41.861330973915756
67.25996098248288
37.113227997906506
49.92477997438982
36.02478397078812
49.28495903732255
41.16673895623535
70.1143559999764
34.966425970196724
64.03246702393517
42.56434499984607
65.97926799440756
43.27347700018436
66.60795101197436
41.31454398157075
72.28430203394964
38.677698001265526
63.52104299003258
45.57199601549655
64.96743601746857
46.14429402863607
49.66897203121334
34.839937987271696
64.31803898885846
39.317240996751934
62.64597800327465
41.77023301599547
66.69239397160709
43.2379639823921
66.44289195537567
41.865541017614305
63.212692039087415
37.74737799540162
55.11767597636208
40.25524196913466
62.9009049735032
39.75254198303446
68.05213901679963
34.27914599888027
48.601310001686215
49.33531797723845
66.3524609990418
41.1847029463388
57.05302703427151
41.35240300092846
70.77004999155179
39.22153601888567
57.82326898770407
35.16120702261105
74.01407102588564
48.02109400043264
68.17465898348019
39.81192299397662
59.07183402450755
42.358524980954826
74.30499600013718
43.15100400708616
57.284831011202186
38.10994699597359
71.54030201490968
42.09147999063134
75.0207289820537
40.2721970458515
65.59454504167661
40.49220704473555
78.45627597998828
39.31193897733465
56.11804098589346
38.21150300791487
54.394230945035815
41.986283962614834
49.48580701602623
37.25315100746229
54.75313204806298
35.44449503533542
53.05173899978399
35.76742799486965
56.94917304208502
37.97087899874896
49.44222897756845
39.42422702675685
52.02650302089751
33.36375701474026
63.09645401779562
41.959105990827084
52.11983300978318
39.84531096648425
61.67472299421206
42.30426700087264
64.32143301935866
59.37394901411608
46.12471297150478
39.017424976918846
60.027619008906186
37.57802402833477
51.07209604466334
39.938273024745286
70.36856497870758
44.277088018134236
73.04681901587173
40.21445201942697
52.87280702032149
45.5819969647564
72.56107800640166
43.729952012654394
52.19060304807499
34.06258096219972
52.16633796226233
41.25697602285072
77.09674199577421
50.27493101079017
58.60392999602482
47.38441394874826
71.25446497229859
49.851289950311184
57.526012999005616
37.61071094777435
41.006529005244374
59.79621602455154
57.89646797347814
34.023435960989445
69.02297801570967
36.963099031709135
55.8958170004189
39.24787702271715
70.05547400331125
45.10137403849512
67.03508098144084
40.31037399545312
75.92564402148128
35.07182595785707
54.54738100524992
33.85551099199802
78.5229509929195
35.200463025830686
74.73237405065447
35.52822896745056
55.39245897671208
40.834361978340894
59.58059098338708
37.778706988319755
72.92265997966751
36.2040150212124
63.26914898818359
40.92705395305529
59.453282970935106
38.85247296420857
66.95885700173676
39.33299402706325
78.60913500189781
37.4035369604826
55.175563029479235
39.29150803014636
60.3128380025737
42.739293014165014
57.394682022277266
41.046097001526505
73.97729699732736
45.59845203766599
68.91527300467715
34.65576202142984
49.33397599961609
35.15817102743313
57.73688404588029
38.28098101075739
72.81138596590608
38.28137397067621
55.528516008052975
35.50358297070488
72.56697898264974
41.9688550173305
67.65496195293963
35.36541300127283
51.06511904159561
41.08251695288345
66.61078002071008
43.45591401215643
74.26069304347038
40.58107198216021
51.33335496066138
43.20078901946545
67.31193698942661
36.59579897066578
48.91736002173275
37.02766395872459
55.48903800081462
39.63571001077071
50.03165197558701
43.245282024145126
81.90157799981534
43.44314901391044
68.44901101430878
38.17484597675502
67.5532270106487
35.876500012818724
60.256207012571394
42.19782497966662
66.3212530198507
44.41082401899621
52.66874696826562
45.151013997383416
74.6548930183053
39.440226973965764
65.49767300020903
38.10732800047845
72.73980800528079
43.62321202643216
52.35901300329715
38.73541305074468
87.70425600232556
49.20691001461819
54.278205963782966
37.02555602649227
71.02787599433213
39.9299010168761
47.44579503312707
41.28906404366717
49.93765999097377
40.861818997655064
50.01210799673572
43.39580098167062
51.89713498111814
49.539853003807366
68.59219400212169
44.05534500256181
66.23120402218774
43.535774981137365
80.63482400029898
36.910826980601996
75.30157297151163
38.41414302587509
65.80526602920145
47.775439044926316
60.06530503509566
43.78278000513092
74.66620299965143
45.44894996797666
50.73442094726488
45.31544999917969
67.33713200083002
39.492047973908484
73.56664503458887
36.17784200469032
53.43419895507395
39.55846402095631
61.3857030402869
39.757456979714334
53.603903972543776
38.77776098670438
59.89170301472768
44.73216901533306
48.81603200919926
35.698979976587
54.46574400411919
43.27302100136876
65.6688850140199
42.08676004782319
64.15486999321729
43.54323499137536
70.73255599243566
42.03243303345516
80.5401669931598
43.81422599544749
64.29660000139847
40.45390203827992
79.12020600633696
47.682292002718896
73.6325599718839
39.454977959394455
65.16880297567695
53.03314496995881
72.3427040502429
34.841839980799705
50.25626299902797
37.95419301604852
71.12875301390886
42.287358024623245
64.32341900654137
41.80881200591102
63.8748100027442
42.70390601595864
64.04860003385693
38.69027103064582
66.40162301482633
39.44596595829353
87.49354799510911
45.104635995812714
74.30199801456183
39.087070035748184
69.4234540569596
39.68062897911295
65.34726999234408
41.61272197961807
66.57161505427212
39.441207016352564
74.4736649794504
38.42218097997829
71.64715003455058
48.351802048273385
73.01510497927666
38.737133028917015
65.16548700165004
42.12436801753938
67.09504500031471
54.65159600134939
73.75948101980612
40.54382396861911
62.667217978741974
44.82238704804331
65.27620303677395
41.25481104711071
67.28015700355172
35.509234003257006
56.530302041210234
48.628045013174415
72.3830089555122
37.53285499988124
73.71910597430542
40.118612989317626
70.09038800606504
38.291748031042516
73.07294302154332
42.07863804185763
60.36050705006346
34.4015330192633
42.88212099345401
41.660368035081774
56.9409909658134
37.78458898887038
50.35718594444916
34.74679298233241
87.64944900758564
39.908931008540094
66.83750200318173
38.07125304592773
49.24475302686915
42.89494501426816
78.70459102559835
42.59505198569968
59.1806800221093
34.75607902510092
52.88248701253906
36.62280103890225
59.96883095940575
42.542030045297
63.91468801302835
43.638203002046794
69.12487198133022
37.05832397099584
57.1803450002335
48.39207202894613
70.56565105449408
43.02280896808952
63.86517401551828
52.76331497589126
49.25682698376477
34.797230968251824
50.75326899532229
45.66421202616766
83.73000897699967
42.74869099026546
71.89142896095291
35.76374804833904
61.5459349937737
34.999991999939084
64.39728901023045
41.62537801312283
77.84938998520374
34.3687929562293
51.397203002125025
37.930808030068874
76.01306901779026
40.69951502606273
67.95538496226072
41.74205398885533
72.98210501903668
41.05126200011
53.23760799365118
43.06268296204507
71.5834730071947
37.093620048835874
72.65405304497108
38.901419029571116
52.47918103123084
33.91300997463986
77.84842897672206
54.616876994259655
71.22523197904229
36.0559539985843
70.11759700253606
39.18315999908373
65.41307899169624
36.95837705163285
46.95213004015386
50.02859700471163
75.17178601119667
41.778184997383505
62.023427977692336
56.27010902389884
50.56721100118011
34.11999897798523
62.572550028562546
35.617362009361386
51.83785199187696
37.68888994818553
71.73366600181907
42.27269801776856
68.72078398009762
47.42274299496785
81.62937604356557
41.926008998416364
54.539673030376434
35.5075629777275
70.50518103642389
45.731985999736935
55.842111993115395
41.0366160213016
51.64949002210051
35.999647981952876
57.194762979634106
48.804373014718294
64.06322197290137
46.13823804538697
73.14628799213096
35.9267620369792
65.42988203000277
45.06237804889679
58.85971197858453
41.53620998840779
75.1343599986285
39.20977603411302
48.310187994502485
41.41756996978074
65.29552099527791
37.52300498308614
55.49786100164056
41.127526958007365
73.95745202666149
46.833010972477496
61.970009992364794
42.00951399980113
63.70038102613762
41.56413400778547
71.64755696430802
42.7113440237008
69.39782900735736
36.44612297648564
70.93312201322988
38.723826000932604
65.08658197708428
49.98844600049779
75.37626201519743
36.61678498610854
51.44233501050621
49.09073299495503
85.68040298996493
44.93536503287032
59.358329977840185
33.79955101991072
75.44539397349581
40.89518199907616
53.502410009969026
38.34608901524916
67.36526603344828
42.26699395803735
62.07848800113425
38.55563001707196
55.863315996248275
34.257093037012964
74.07266704831272
38.56282599736005
52.35954298404977
38.945385022088885
66.38001400278881
43.759519001469016
55.73924497002736
50.14430999290198
51.96801800047979
38.27873698901385
69.15648799622431
35.77293601119891
50.19985401304439
34.85023701796308
60.73874200228602
35.46184697188437
67.31391896028072
47.12070699315518
60.39709702599794
39.34234502958134
57.77855199994519
41.37224896112457
75.85688796825707
40.701379999518394
79.95065703289583
39.72268401412293
73.88123398413882
34.84453697456047
54.337923997081816
35.97082995111123
50.29644904425368
37.93739702086896
53.698926989454776
36.28781496081501
54.974595026578754
37.139326974283904
59.18286397354677
39.46525102946907
58.418213040567935
36.62635001819581
49.71003002719954
41.53234098339453
77.09630602039397
41.59779998008162
47.25474095903337
37.59901801822707
60.04929100163281
41.44937498494983
53.496096981689334
34.290818963199854
51.10468599013984
38.68766699451953
56.74822599394247
38.06369396625087
71.22343895025551
34.36383500229567
59.45184000302106
39.19803199823946
58.0424009822309
35.094402031973004
50.290827988646924
46.40528402524069
63.92251601209864
47.9931790032424
68.11493000714108
33.55100000044331
56.75003200303763
37.781930004712194
64.63645002804697
45.993898005690426
76.15450897719711
45.447356009390205
73.53529898682609
43.379836017265916
63.77437704941258
39.98054098337889
78.45615898258984
42.02063102275133
73.31816002260894
39.67305400874466
71.43059896770865
41.96134302765131
51.74066103063524
34.73849798319861
79.17679898673669
45.566943008452654
71.1051489925012
43.761442007962614
67.07202200777829
36.136473005171865
49.51840499415994
36.18924500187859
48.32264699507505
42.13224601699039
81.00072300294414
38.947275024838746
49.51059399172664
46.976055949926376
79.91599600063637
40.06503598066047
59.136210998985916
45.56642199167982
57.30463401414454
35.125661990605295
52.38035600632429
34.956573974341154
68.76732700038701
40.98028200678527
58.094025996979326
42.76824102271348
68.90330597525463
43.301687052007765
68.09277599677444
42.13956603780389
74.96877497760579
34.478081041015685
52.825487044174224
33.24313898338005
67.48380599310622
38.807089964393526
65.49760600319132
45.661876967642456
62.430905003566295
35.31248599756509
52.4390849750489
35.519698983989656
59.31102600879967
40.510397986508906
73.3083289815113
