40.394076029770076
28.549969021696597
42.80517000006512
29.051928024273366
50.582027004566044
34.52759300125763
36.1470440402627
24.46550503373146
38.720335985999554
41.757203987799585
44.991631992161274
28.80014799302444
53.4672710346058
23.38091004639864
63.72087402269244
29.57998897181824
33.70718698715791
22.22636202350259
30.13864200329408
33.7035899865441
61.273791012354195
28.672997024841607
52.74923302931711
20.232320006471127
62.86512897349894
29.342643974814564
58.82939900038764
35.90394899947569
68.59926896868274
29.180131969042122
42.42810100549832
29.640277032740414
35.26345803402364
31.958504987414926
48.30426495755091
28.89693301403895
66.49392697727308
32.40664699114859
41.300797020085156
30.12021497124806
33.6278390022926
24.368992017116398
61.5467470488511
28.898607997689396
28.32344500347972
43.41667203698307
62.73078202502802
31.920439971145242
71.53001503320411
33.31805003108457
43.02925994852558
33.455438970122486
56.54078396037221
30.955011025071144
73.55112204095349
30.17262602224946
73.81450099637732
25.318722997326404
39.26522802794352
38.41843595728278
63.922033994458616
26.663367985747755
40.00210203230381
33.32460799720138
61.58701196545735
36.21645999373868
36.59361699828878
33.94130402011797
56.20691698277369
32.70872705616057
34.20420497423038
34.00389797752723
55.934588017407805
37.311053019948304
53.925734013319016
43.38975599966943
60.572573042009026
28.77430699300021
53.35117696085945
20.533689006697387
64.89539798349142
27.6189650176093
54.282234981656075
20.32392896944657
44.93316204752773
26.829921000171453
66.93827296840027
26.191875978838652
69.12563898367807
32.97926700906828
66.64339202689007
29.082572960760444
42.34917397843674
32.429121958557516
65.41876797564328
34.01326097082347
33.671960001811385
33.59530901070684
69.65452298754826
26.518999016843736
64.87977801589295
32.34990703640506
54.237279982771724
31.93472302518785
32.39848301745951
35.513198003172874
71.20389799820259
28.916390030644834
28.21595803834498
31.755752977915108
31.877533008810133
28.773254016414285
65.91617001686245
31.858682981692255
23.62414204981178
23.042531975079328
37.24259900627658
29.012190992943943
66.90879701636732
26.653765002265573
44.55409501679242
24.565086991060525
54.79401198681444
32.59548498317599
69.44000895600766
37.634369044099
71.07416400685906
29.314000043086708
62.168657954316586
26.134257030207664
65.3927749954164
26.24793502036482
59.53036097344011
32.098085968755186
61.72803300432861
28.15137297147885
81.1866510193795
29.89500103285536
30.233019962906837
20.249790977686644
74.74826998077333
32.360130979213864
57.152703986503184
33.17730297567323
29.731162008829415
36.49832302471623
69.9675950454548
37.91584400460124
57.91011604014784
30.756298976484686
51.84448097134009
32.828232971951365
53.893039003014565
31.55893599614501
56.290151027496904
33.99661497678608
41.64097999455407
34.49206298682839
48.96828101482242
29.472746013198048
77.41277798777446
35.17989203101024
58.81043098634109
35.85574502358213
60.599433025345206
36.39106097398326
70.63860195921734
29.814129986334592
50.222014950122684
32.33661799458787
72.3188390256837
32.02838101424277
75.06488799117506
34.788699995260686
59.86845202278346
25.306761963292956
45.723519986495376
31.953088007867336
66.44247798249125
36.46077000303194
29.28561100270599
28.6923170206137
70.50925900693983
37.26792597444728
60.33300200942904
28.79103197483346
53.83111099945381
20.217095967382193
59.65201900107786
28.336923976894468
38.156350958161056
37.685796036385
36.935493000783026
26.034534035716206
69.02568798977882
34.896813973318785
69.22615197254345
32.337261945940554
50.031129037961364
32.18589199241251
64.15277201449499
31.556163972709328
30.146136006806046
28.118212998379022
64.6673160372302
23.69635901413858
46.03228502674028
32.54338202532381
41.89741995651275
32.17359498376027
70.20284602185711
30.900650017429143
68.15857498440892
29.03518098173663
33.78889197483659
35.25923000415787
68.43422300880775
32.882454979699105
76.35137403849512
28.917765012010932
73.7312120036222
32.42821799358353
69.5685520186089
31.03309200378135
59.24523901194334
28.81696098484099
64.82144398614764
32.375501992646605
33.49689400056377
25.35700600128621
60.20176998572424
31.177466036751866
68.75967199448496
42.82823402900249
70.00545598566532
28.943880985025316
61.82797101791948
28.675846988335252
70.62523002969101
28.828588023316115
57.444525009486824
29.827804013621062
39.28308404283598
36.34705999866128
76.73633703961968
27.49142696848139
38.47417997894809
34.168120997492224
34.03207095107064
26.016757998149842
30.18608200363815
31.07213298790157
28.598467994015664
21.88772294903174
69.42778796656057
34.91424996173009
62.607349012978375
26.317446026951075
52.62372799916193
36.71795898117125
65.59591100085527
38.73025695793331
39.54035299830139
34.056842036079615
76.26695599174127
28.698444017209113
59.39225305337459
28.95435702521354
41.5003290399909
31.254413013812155
33.353280974552035
32.37857000203803
33.90466497512534
30.653555993922055
37.681023008190095
34.864228044170886
67.91667698416859
26.666227029636502
63.06768796639517
28.72282703174278
72.50703702447936
27.946312038693577
59.519611997529864
40.21198698319495
45.45633197994903
32.23678196081892
63.39395500253886
28.216050995979458
36.06582700740546
31.568362028338015
42.133235023356974
28.824797016568482
36.485407035797834
37.032326974440366
70.24764094967395
28.863750980235636
41.38530301861465
31.96810802910477
64.68915397999808
28.823625994846225
41.61132202716544
38.69812999619171
42.46454196982086
34.44221103563905
55.44015404302627
28.906054969411343
42.777837021276355
34.88284401828423
61.89629901200533
26.91924199461937
36.77949699340388
30.90741898631677
65.97304000752047
28.872898023109883
66.53856800403446
35.20835901144892
66.16754899732769
33.81278202868998
70.88163297157735
41.59913398325443
53.75081498641521
32.41740801604465
55.013278033584356
28.822033025790006
41.33014701073989
28.661920980084687
66.63321098312736
39.43904105108231
66.62478897487745
28.95041200099513
60.49070798326284
32.19179599545896
57.75221699150279
41.44219902809709
64.98829502379522
32.248773030005395
44.62774901185185
36.862885986920446
63.388727023266256
32.004164007958025
33.51856296649203
32.12290903320536
61.379178951028734
25.323539040982723
67.1534719876945
28.874996001832187
70.51180698908865
35.81974096596241
42.85918298410252
26.25840000109747
59.760859003290534
42.77898900909349
64.63632301893085
34.8305799998343
64.89856005646288
36.84991801856086
30.106455960776657
28.79163098987192
76.72152097802609
27.616945037152618
41.43798997392878
34.320533042773604
56.43611395498738
30.220101994927973
76.37843099655584
35.76206200523302
76.65673800511286
33.50240900181234
41.4328440092504
27.82254701014608
68.2473840424791
37.67239797161892
66.12225400749594
26.213305012788624
27.686512970831245
24.242262996267527
38.723336008843035
26.969884987920523
31.256877002306283
34.7395550343208
62.287010019645095
41.15168994758278
32.58861700305715
31.318112974986434
69.63456701487303
32.20994397997856
65.46347599942237
26.263423962518573
70.19458001013845
28.787104005459696
41.26202501356602
28.786454000510275
46.31448403233662
28.813413984607905
58.07266803458333
30.976200010627508
35.68225394701585
32.50214998843148
41.41402500681579
36.16117098135874
35.42219800874591
31.821718032006174
66.32352201268077
33.5296830162406
75.83744800649583
28.799135994631797
64.02370298746973
28.69105600984767
69.9200970120728
39.18749000877142
33.715376048348844
28.92616402823478
55.77436200110242
24.34225199976936
26.844328036531806
32.238594023510814
60.28018001234159
24.901447992306203
48.32632897887379
28.76113197999075
36.102316982578486
26.136173051781952
35.47264594817534
27.548204001504928
42.915118974633515
41.61445103818551
59.65930502861738
32.732522988226265
74.93921497371048
32.08283497951925
59.59744896972552
35.71526502491906
35.88321496499702
33.71297800913453
81.0893370071426
28.794295038096607
35.70466599194333
36.55019897269085
33.67695503402501
31.99623600812629
41.15377401467413
30.085184960626066
56.04002100881189
28.767322015482932
63.230398984160274
28.57632900122553
68.74837900977582
25.96718998393044
41.27222596434876
35.9694940270856
32.12024399545044
42.761761986184865
41.2022159434855
30.113120039459318
68.65825405111536
35.66427098121494
73.18348198896274
28.30194402486086
68.2385329855606
28.680118964985013
32.816058956086636
31.44606901332736
63.91922297189012
29.015620006248355
55.68404501536861
29.727232991717756
62.53278598887846
33.46308000618592
34.04090000549331
42.76651097461581
66.55194697668776
29.72469001542777
63.950903015211225
26.306099025532603
37.77742601232603
28.594825009349734
68.03082895930856
35.89210502104834
55.71135296486318
36.74563200911507
32.05817803973332
33.398038998711854
76.52351900469512
27.975487988442183
68.58891498995945
32.02872397378087
62.06389999715611
28.390633000526577
61.18330295430496
28.609586996026337
37.37782099051401
40.96638801274821
57.48120602220297
26.440265006385744
42.80093201668933
26.499556959606707
68.45815997803584
27.927664981689304
37.071486993227154
30.071413959376514
58.74910397687927
31.39864100376144
41.38326598331332
36.85433400096372
70.00693998998031
24.137412023264915
25.041851971764117
26.104894001036882
43.737094034440815
33.38745603105053
28.870641952380538
32.05117303878069
63.80800798069686
32.44993498083204
42.63854102464393
32.00679499423131
70.70709497202188
33.40930299600586
55.92207098379731
33.53525698184967
51.17219302337617
36.41883400268853
69.9744499870576
32.02922799391672
26.92184702027589
28.73672900022939
42.54687199136242
29.320338973775506
43.685409997124225
33.79617596510798
33.60699099721387
29.03000602964312
65.40706200757995
29.733497998677194
39.63284002384171
30.075040995143354
41.16897803032771
28.803555003833026
65.93954103300348
30.104884994216263
40.98844196414575
26.335419970564544
62.04508198425174
28.960228024516255
40.89591803494841
30.148570018354803
53.96806099452078
28.53986102854833
59.3172000371851
30.42921202722937
37.67630603397265
33.27257698401809
34.55008601304144
28.83278002263978
53.76260099001229
43.61132899066433
67.40984501084313
39.37090502586216
66.36203901143745
28.68147601839155
66.05818803654984
43.85588999139145
69.5015590172261
31.97863296372816
27.03610702883452
33.75528799369931
26.329275977332145
32.19076502136886
30.256440048106015
35.63264396507293
69.82449698261917
32.16057998361066
61.245228978805244
23.251704988069832
63.090961950365454
28.640929027460515
70.03195100696757
43.672578991390765
65.52405498223379
28.69282104074955
44.77033799048513
28.850790986325592
70.21971797803417
28.631933964788914
66.37984997360036
28.98014901438728
62.001162965316325
42.65677399234846
43.06143400026485
28.737920976709574
66.01517699891701
33.45302800880745
33.575955021660775
42.9168589762412
41.27417202107608
35.615000990219414
27.532590029295534
28.67499098647386
68.30719200661406
33.3072780049406
33.68913597660139
29.040091030765325
69.8888850165531
36.85063298325986
63.258966023568064
33.501857018563896
54.08803897444159
33.41414994793013
63.59526299638674
29.30549200391397
73.28308594878763
26.64222999010235
30.235530983190984
30.080018972512335
71.08832895755768
29.69538897741586
71.34196400875226
24.715563049539924
80.29777597403154
33.62845099763945
70.48294099513441
25.11134196538478
43.68525301106274
32.35274902544916
57.42151802405715
33.40696595842019
46.04613099945709
30.751591024454683
59.52209001407027
28.72616599779576
32.075582013931125
29.21495196642354
68.05784604512155
34.50518404133618
34.131143998820335
28.64957199199125
64.66445396654308
35.71810002904385
66.59380201017484
33.239452983252704
55.626418034080416
33.37655897485092
39.165333029814065
25.97988594789058
64.78437001351267
39.1057770466432
48.3685529907234
35.39509797701612
75.52382600260898
28.91308901598677
74.03081300435588
28.849711001385003
63.77114000497386
29.54881900222972
65.24000799981877
28.872413968201727
74.64967598207295
29.29745300207287
69.65506897540763
30.76957300072536
45.72142299730331
29.535348992794752
43.523097003344446
30.05230298731476
69.8574940324761
29.621532012242824
73.7880080123432
34.93903804337606
30.433917010668665
38.81858295062557
75.15934703405946
31.12093498930335
60.47271698480472
32.5167229748331
71.21448399266228
33.263457007706165
33.308136044070125
33.52376102702692
72.3468090291135
26.611718989443034
69.55898297019303
34.42152601201087
63.551775994710624
37.318579968996346
49.98646001331508
20.908615028019994
54.04229601845145
33.81535300286487
55.27139100013301
34.872261981945485
28.949192026630044
23.315739003010094
54.8601410118863
28.806349029764533
49.6411370113492
29.566367040388286
47.861922008451074
33.49479899043217
71.877159003634
35.07845301646739
55.33585901139304
27.720467012841254
64.23730100505054
33.50835799938068
41.082937037572265
33.63652998814359
27.347230003215373
35.85928300162777
75.73782402323559
30.182705027982593
58.4677109727636
29.892237042076886
67.90143600665033
33.56809099204838
39.09204696537927
27.492930996231735
55.780402966775
32.492298050783575
63.7030559591949
33.250977052375674
65.64493203768507
32.51606796402484
40.95347999827936
35.12230498017743
31.447871995624155
30.127133009955287
50.902743998449296
26.49247500812635
65.76859299093485
25.9447320131585
32.70093799801543
40.29969702241942
52.12412995751947
33.00537099130452
33.563303004484624
28.74711703043431
42.9234080365859
30.45930399093777
53.389576030895114
24.471862998325378
35.85019503952935
29.941753018647432
59.2973239836283
28.888200991787016
37.209606962278485
39.187338028568774
47.62026999378577
36.84176300885156
68.42116301413625
29.774504015222192
64.40577801549807
29.178333992604166
66.97423901641741
36.10190702602267
33.70294300839305
29.494597984012216
50.37606001133099
32.057459000498056
53.697347990237176
28.813862008973956
66.54439296107739
27.73173904279247
55.52496504969895
31.162729021161795
49.628284003119916
27.194780006539077
26.85966598801315
29.18662497540936
62.511985015589744
42.68781404243782
39.295760972891
28.252977994270623
65.89057197561488
20.311856002081186
39.14393502054736
21.237099019344896
20.32000495819375
26.180198008660227
37.23332402296364
28.48639799049124
54.28946699248627
29.379721032455564
62.61007895227522
30.952278000768274
72.03281298279762
25.997266988269985
45.04667897708714
29.44524702616036
72.95842497842386
31.934704049490392
34.98066304018721
24.063799995929003
27.77609002077952
27.939227991737425
63.591576006729156
24.97034298721701
49.19105098815635
31.008392048534006
72.58905103662983
38.896937971003354
52.31557501247153
29.687395959626883
70.5177600029856
29.05382902827114
37.98101801658049
24.090788036119193
47.67156596062705
26.20469097746536
66.23777700588107
31.859581009484828
23.54680997086689
29.91918398765847
75.74876298895106
29.991393035743386
64.70815400825813
24.64932797010988
35.31984699657187
27.07179804565385
62.558944046031684
36.89881297759712
23.70413299649954
27.796006004791707
84.58866697037593
28.722469985950738
42.965244967490435
22.534576011821628
59.40442602150142
29.976913006976247
63.52136400528252
33.5108190192841
45.73852499015629
38.89350703684613
42.899135034531355
33.240911026950926
37.03946201130748
28.03259895881638
33.027338969986886
40.89931503403932
37.36643498996273
32.10361901437864
60.02288800664246
31.740373990032822
64.55046701012179
33.33761903923005
70.02471800660715
26.79770701797679
56.84867803938687
26.708406978286803
22.50667702173814
23.10467098141089
34.477417008019984
28.366837999783456
42.08692000247538
35.86927900323644
40.79273802926764
24.075682973489165
38.007260009180754
26.025502011179924
35.87396501097828
26.09252801630646
48.441605002153665
28.34714000346139
62.75932601420209
31.697807018645108
24.96123599121347
29.88698601257056
56.82870896998793
31.946037022862583
65.2927269693464
29.05824698973447
49.993538996204734
26.75605902913958
54.66980597702786
26.07482799794525
48.43782604439184
26.278352015651762
55.9396049939096
27.92296395637095
56.253268965519965
23.875240003690124
29.95372301666066
26.359689014498144
69.995415979065
45.44897499727085
29.68041005078703
26.270237984135747
49.089597014244646
26.023238024208695
67.09903699811548
23.986854997929186
52.27257695514709
30.55686003062874
30.293152027297765
20.81472601275891
40.67813797155395
22.106871008872986
58.165780967101455
29.01681000366807
33.21132197743282
23.96382699953392
44.87580701243132
25.016566971316934
42.78953099856153
29.076426988467574
69.46377898566425
22.721829009242356
58.09481500182301
31.37250297004357
43.90421899734065
31.107131973840296
58.15152800641954
23.26767594786361
36.51053999783471
34.456285007763654
51.94384400965646
25.839685054961592
52.856637979857624
29.226153972558677
49.75274496246129
28.711735038086772
50.351356039755046
25.703680992592126
61.67810101760551
33.25202298583463
20.7455389900133
22.546620981302112
29.421918967273086
26.547640038188547
69.7069859597832
25.166483013890684
49.18777901912108
27.96990901697427
43.24703704332933
28.947816987056285
47.02556197298691
27.13831001892686
23.35433498956263
38.98741595912725
46.00095597561449
24.564151011873037
54.54934696899727
27.878243010491133
58.61666600685567
35.86487501161173
48.205160012003034
30.941767967306077
65.26101101189852
41.39245703117922
48.881018999964
22.997577965725213
49.5427519781515
24.312373949214816
70.70063898572698
28.03224098170176
22.82201498746872
35.25140002602711
44.473113026469946
38.74988603638485
66.00957695627585
22.098538000136614
41.25534900231287
25.33118997234851
59.66778099536896
20.411762001458555
38.11765898717567
25.32592002535239
49.598104029428214
35.456140991300344
41.797125013545156
21.661851031240076
64.67281701043248
23.433217022102326
54.00080495746806
21.103638981003314
43.89614099636674
36.275052989367396
59.83298801584169
36.514033970888704
41.49001801852137
21.133801026735455
60.27539703063667
24.8499249573797
65.85827301023528
41.33604600792751
39.45440798997879
28.358359006233513
45.82716798176989
32.27460803464055
22.495750978123397
30.560277053155005
63.86069499421865
25.51808499265462
60.30372099485248
23.01870204973966
47.591694979928434
33.15027698408812
43.736120976973325
35.55869299452752
23.77629600232467
27.140331047121435
67.26597103988752
24.637098016683012
40.472183958627284
40.70123401470482
53.935153991915286
30.8883769903332
58.32909402670339
32.781963993329555
39.48529396438971
26.074271008837968
46.06352100381628
26.111215993296355
39.8008719785139
31.4356199814938
51.20875203283504
28.57113303616643
44.990458991378546
32.58020000066608
33.771397022064775
25.634046003688127
61.89621897647157
25.850570003967732
73.65331798791885
28.0401729978621
31.46715502953157
30.744782998226583
31.435027020052075
28.814867022447288
72.11796095361933
25.62029502587393
66.15483498899266
28.601197991520166
60.437995998654515
27.94643898960203
55.510982987470925
32.339491008315235
50.93918403144926
28.873105999082327
28.153981955256313
26.252481970004737
56.576715025585145
25.235879991669208
60.22532295901328
27.58968499256298
26.41321998089552
37.290997977834195
38.59264904167503
30.57932195952162
69.91434097290039
22.470571973826736
67.71576503524557
28.30785099649802
69.77715599350631
31.18615597486496
47.98591596772894
32.38176298327744
21.32871199864894
33.68737403070554
45.97709298832342
27.388319023884833
57.68794100731611
24.87854700302705
64.65167697751895
31.00961196469143
51.51247698813677
26.169874996412545
30.240672000218183
32.67283400055021
30.628748994786292
22.238652978558093
68.95464198896661
27.98557496862486
32.605201995465904
25.771421031095088
27.89705101167783
26.272877992596477
60.50508102634922
28.28653802862391
21.40540798427537
20.415652950759977
66.98097800835967
21.41196798766032
36.494806001428515
26.060171017888933
47.286993998568505
28.22815696708858
48.46748401178047
34.10029801307246
26.2823739903979
23.539036978036165
60.26217702310532
24.31225497275591
41.26263299258426
23.436581017449498
50.38129701279104
36.985710030421615
38.624360982794315
29.913555015809834
53.49707999266684
26.07071801321581
39.51091202907264
24.590749002527446
60.15152495820075
23.737262992653996
35.71579500567168
28.786747017875314
61.89619400538504
21.134733979124576
38.58092601876706
32.70908596459776
67.22917000297457
27.42141199996695
43.785779969766736
29.875406005885452
39.911472995299846
21.81422896683216
37.042284035123885
23.505987017415464
24.826405046042055
27.37401897320524
71.69078203151003
35.452876007184386
48.15842298557982
23.602198984008282
34.529644006397575
27.00355602428317
55.24239200167358
26.793731027282774
67.31797498650849
27.969665999989957
57.78544000349939
31.788177031558007
41.24551999848336
22.658500005491078
43.63167705014348
30.128299025818706
62.42472300073132
32.698980008717626
41.82043200125918
27.794255001936108
29.26578000187874
21.499343973118812
48.80361503455788
26.102614996489137
45.29629502212629
33.79435004899278
38.436068047303706
42.98421001294628
48.23184397537261
34.49539397843182
40.21062602987513
46.33279598783702
35.782017977908254
24.32981802849099
56.29751103697345
28.886920015793294
62.31153599219397
31.305262993555516
45.8274349803105
28.983836993575096
41.11064103199169
25.814104999881238
67.77164799859747
23.432934016454965
65.2657889877446
35.42590799042955
59.155914990697056
38.0622650263831
34.046672051772475
36.013342963997275
67.01289396733046
33.73199101770297
52.04897798830643
24.28251097444445
47.52731800545007
26.23523597139865
63.363304012455046
21.349871007259935
22.441103996243328
35.7178840204142
59.82624395983294
32.17053401749581
23.64346699323505
23.141008045058697
50.8200999465771
24.82192899333313
43.820546998176724
31.786098959855735
54.852175002451986
43.73370995745063
21.387414017226547
22.770401963498443
58.170885022263974
24.285090039484203
67.60871200822294
32.055827032309026
71.47727900883183
31.54242702294141
46.626797993667424
32.744634023401886
70.86894300300628
34.19888002099469
42.10592800518498
24.042995006311685
62.61746003292501
38.993824971839786
62.315752962604165
28.855531010776758
51.187222998123616
30.67648399155587
66.71748199732974
27.28587097954005
23.03918800316751
25.50040400819853
65.18606701865792
28.995474975090474
57.58939200313762
28.534207958728075
45.93243298586458
31.759798002894968
66.69114297255874
28.10529200360179
39.900939038489014
23.06683303322643
65.6437809811905
37.623359996359795
43.37079398101196
21.888029004912823
52.376473031472415
39.42514001391828
20.981141016818583
38.292957993689924
45.517585007473826
24.622226017527282
44.87352102296427
33.591511950362474
34.88237998681143
22.768713010009378
31.051530968397856
30.248882016167045
58.64003102760762
38.160026946570724
49.38969999784604
22.42369594750926
65.07368700113147
37.220480968244374
70.18937898101285
32.64657699037343
55.71609397884458
37.88310894742608
62.95112596126273
30.64061200711876
22.29672099929303
23.28849397599697
58.87002503732219
26.155674015171826
44.7999220341444
24.12668097531423
54.77946496102959
28.689947037491947
39.206287008710206
21.58942201640457
37.15122299036011
21.29610296105966
39.39767897827551
21.0490680183284
21.274995000567287
20.653877989389002
38.87532098451629
23.392122995574027
43.597605952527374
31.855256005655974
23.136926000006497
25.019948021508753
71.59971597138792
29.06340203480795
63.23073402745649
23.045121983159333
34.40116299316287
28.827641042880714
59.70716802403331
29.295387968886644
39.708825992420316
24.75207095267251
79.23970598494634
28.694777050986886
61.63155200192705
25.21138498559594
54.38635702012107
29.58977996604517
39.01021700585261
24.059450021013618
41.685569973196834
26.27125399885699
57.025804999284446
33.21903804317117
62.68729898147285
23.77036801772192
37.24947402952239
28.02661299938336
66.72988302307203
32.474217005074024
52.914698026143014
27.414772019255906
71.83259702287614
34.41267798189074
59.89798402879387
25.077542988583446
58.08491702191532
28.04283401928842
43.14952599816024
33.31110795261338
20.39197797421366
33.776300959289074
58.38764499640092
32.93096198467538
48.250908963382244
29.730959970038384
30.049794993828982
37.443641980644315
42.93197795050219
37.81745000742376
21.140895027201623
35.73633899213746
57.068335998337716
26.122974988538772
45.20207300083712
24.084762029815465
69.55485296202824
26.890116976574063
59.29563904646784
28.68219296215102
20.374296989757568
32.93722396483645
72.06530001712963
33.056376967579126
25.67366696894169
25.66594397649169
49.43980899406597
34.50753999641165
41.15119902417064
28.8403169834055
55.35644601332024
32.625770021695644
73.5606100060977
32.24110702285543
27.618874970357865
23.847351025324315
32.91155898477882
32.40306704537943
64.41189296310768
25.293259997852147
37.80173102859408
49.71466999268159
64.29084698902443
26.03900502435863
58.768888004124165
35.2271239971742
61.32797698955983
32.28801494697109
70.8754769875668
28.830042982008308
30.32454603817314
32.094341004267335
50.1647749915719
34.95003399439156
42.17703500762582
28.313829039689153
68.28483199933544
28.26764399651438
70.9384810179472
28.955161047633737
42.57040499942377
38.505717006046325
69.63996699778363
28.18809199379757
28.114671993535012
34.40135403070599
61.69767095707357
24.360640032682568
64.60008397698402
25.634509976953268
44.0184660255909
45.93585699331015
60.26231497526169
41.5337790036574
48.912039026618004
27.586334967054427
62.95757304178551
36.99920896906406
65.81007299246266
29.86544097075239
31.88539296388626
37.747622991446406
55.72773900348693
42.84965601982549
50.56238698307425
33.16571796312928
35.70622199913487
37.97856700839475
30.122210970148444
30.936206982005388
28.506901988293976
32.57910197135061
65.8420380204916
29.669730982277542
39.648196019697934
23.919742030557245
66.40707899350673
28.178812004625797
69.7573259822093
29.312540020328015
30.440795002505183
26.84665098786354
42.72968100849539
36.30395099753514
43.74958900734782
23.043402994517237
43.780338019132614
36.84183198492974
52.348577009979635
23.491619038395584
47.76366800069809
25.564929994288832
42.22287703305483
32.11642900714651
42.749551008455455
30.60339199146256
63.19515296490863
27.930213953368366
70.70023298729211
26.3464410090819
29.452001967001706
28.739682980813086
55.8121909853071
29.03891197638586
37.209570000413805
25.643883040174842
34.29493197472766
28.15984998596832
76.2240820331499
24.877048970665783
56.79137900006026
26.767240022309124
56.772264011669904
28.728060016874224
38.22600201237947
24.977454042527825
79.31828097207472
40.30216304818168
64.98577201273292
22.95171597506851
60.436171013861895
35.48342396970838
53.53627202566713
27.781383018009365
39.32204400189221
26.272743998561054
73.77661403734237
35.25695495773107
43.98597095860168
24.5903090108186
60.31690095551312
33.505568047985435
70.2367740450427
31.40234504826367
21.702674974221736
26.73515904461965
70.66276302793995
37.88849798729643
42.20609797630459
24.2144109797664
34.80830299668014
30.196064966730773
77.95311597874388
28.69199897395447
23.059438972268254
39.34556100284681
43.49290102254599
29.33215897064656
77.67290598712862
21.50215901201591
66.08710502041504
37.99386904574931
65.33179001417011
31.11772204283625
43.26861700974405
42.62283496791497
40.57014605496079
26.679497968871146
65.2510619838722
22.014170011971146
58.12199698993936
28.683441982138902
38.43021299690008
42.33331303112209
45.09068001061678
33.94301200751215
69.55224496778101
33.636662003118545
70.20450796699151
24.42675398197025
40.08346301270649
29.18990998296067
65.64156000968069
32.701676012948155
49.233426980208606
31.074323982466012
66.34945003315806
42.07668802700937
46.90748901339248
21.02648001164198
68.24781000614166
26.345496997237206
73.1834209873341
23.355195997282863
31.688112998381257
34.11002102075145
63.756098970770836
39.95994303841144
52.25492705358192
26.00592898670584
63.30406095366925
25.77060501789674
43.66091301199049
24.4814709876664
54.159343999344856
28.260703023988754
59.321129985619336
28.95898197311908
39.320495969150215
25.247347017284483
44.44691294338554
31.96022502379492
41.45006003091112
25.298623950220644
42.23133996129036
27.875080006197095
53.232469013892114
39.184916007798165
66.46292499499395
33.3569259964861
48.39397902833298
30.684659956023097
35.79601098317653
31.228113977704197
40.781739982776344
28.769254044163972
67.44641397381201
33.66414300398901
56.12878198735416
23.947719018906355
58.2927479990758
40.12176604010165
37.75739902630448
30.939263000618666
51.41795799136162
29.81332002673298
44.98878098092973
36.91029699984938
55.106844985857606
27.004718023817986
31.631824967917055
29.28434801287949
67.73485097801313
33.59433595323935
45.599990990012884
29.973258962854743
68.63103399518877
28.24637497542426
21.897227969020605
22.551950009074062
62.506554007995874
35.566139966249466
63.27049102401361
27.990885020699352
48.396057973150164
44.36045297188684
62.81014496926218
35.75440001441166
44.00765500031412
23.734653019346297
64.72003500675783
26.471767982002348
69.56595001975074
27.35614002449438
51.55076301889494
21.635474055074155
35.4130330379121
23.204574012197554
26.173665013629943
26.42708900384605
63.20187699748203
33.55978801846504
77.13971001794562
23.044610978104174
54.24910696456209
32.51452895347029
67.3137900303118
24.00321199093014
46.678448969032615
24.961908988188952
70.40052901720628
30.82696598721668
42.495739995501935
23.368048015981913
34.80839799158275
26.130120968446136
32.129740982782096
37.33110998291522
52.12128098355606
37.0975470286794
70.74344099964947
37.71106997737661
72.54766800906509
23.74607400270179
55.96318899188191
30.82527598598972
41.66437697131187
27.33424899633974
49.882868013810366
31.053929997142404
39.578130992595106
44.31953496532515
23.119043034967035
23.0470800306648
36.3527029985562
32.579755992628634
41.68221598956734
43.758038023952395
54.90986997028813
36.41995001817122
63.900307985022664
44.127263012342155
39.76419597165659
22.725579037796706
41.96754202712327
29.98694300185889
64.3901500152424
26.0193029535003
24.032777990214527
33.73069304507226
66.58617901848629
39.72408297704533
77.32449204195291
24.90692096762359
66.07807404361665
32.58398099569604
82.14080997277051
24.31329298997298
42.534901993349195
36.06387000763789
41.79581499192864
33.82432501530275
70.4460900160484
23.84400402661413
57.46502801775932
30.054314993321896
31.70712199062109
25.05247702356428
21.43430197611451
40.21221405128017
41.95593897020444
33.95671700127423
20.292295957915485
22.432419005781412
42.943275009747595
31.203469960018992
42.79327596304938
25.504327029921114
54.75507996743545
38.35515899118036
41.06753598898649
32.60327398311347
69.04070999007672
27.563619951251894
64.48787596309558
35.41945101460442
68.38936900021508
20.346646022517234
57.38235998433083
31.614084029570222
39.033506996929646
32.182554015889764
52.17296798946336
29.93470203364268
67.84203596180305
32.039445999544114
65.62241696519777
24.409060017205775
30.549231043551117
38.504432945046574
63.65030299639329
36.47525003179908
39.5109870005399
24.80508404551074
68.88025003718212
26.98727196548134
65.46301499474794
22.86101703066379
28.768594027496874
30.94259201316163
41.01631400408223
33.56337099103257
24.965290038380772
22.922903997823596
63.623152032960206
37.11239201948047
37.95568097848445
24.461063963826746
30.68638505646959
28.3930889563635
63.869952980894595
30.99516499787569
65.1909020380117
28.216050006449223
52.57795803481713
36.04028100380674
63.01040499238297
20.75942000374198
47.486201976425946
29.63539498159662
65.7480510417372
30.998809030279517
80.02386795124039
28.066871978808194
66.98034598957747
33.52308803005144
75.16020099865273
26.149370009079576
26.280728983692825
32.10113197565079
58.15131700364873
28.023308026604354
65.67587895551696
23.817806970328093
62.84793699160218
33.086045004893094
47.08793800091371
38.87035697698593
52.47478996170685
32.07773598842323
57.765887991990894
38.464203011244535
58.437581988982856
23.771514010149986
60.52901898510754
35.27979296632111
28.992261039093137
22.10302895400673
62.76545498985797
29.318722954485565
42.91600099531934
26.864151004701853
65.53163402713835
22.87123800488189
54.73992699990049
33.185099018737674
74.05239896615967
22.69988099578768
60.58901798678562
28.837769001256675
65.6083450303413
38.63272600574419
48.39572298806161
23.554690997116268
75.05001098616049
33.68955396581441
41.986674012150615
24.64215102372691
54.43032499169931
34.262954024598
63.08417004765943
36.17409197613597
40.017545979935676
23.09457497904077
29.339452041313052
29.423984000459313
65.7800700282678
22.205863962881267
57.78217496117577
28.93392596160993
66.95860100444406
35.252772038802505
44.19417702592909
29.873310995753855
81.25996100716293
33.09256403008476
72.1693699597381
23.009708966128528
55.019391991663724
24.534062016755342
50.127468013670295
33.50501402746886
24.896604008972645
27.32619602466002
54.163685999810696
34.087236039340496
43.305584986228496
23.929424991365522
48.4903950127773
28.41044496744871
65.69712399505079
30.010674032382667
23.912321019452065
34.0346529847011
70.74764301069081
32.96483401209116
40.574600046966225
22.927515965420753
37.85578301176429
38.71646599145606
69.38762299250811
33.216836978681386
26.53250499861315
35.412911034654826
66.67275400832295
30.802385008428246
64.74773096852005
24.187682021874934
45.755412022117525
28.842280036769807
72.65277102123946
26.877977012190968
24.14446702459827
31.60867199767381
52.74339101742953
24.196145008318126
54.25737099722028
20.5608939868398
32.96776697970927
28.96783605683595
65.16006198944524
28.69540499523282
25.09752899641171
34.97709397925064
68.46663600299507
40.58418900240213
63.05260496446863
22.3098749993369
45.0017360271886
25.78117500524968
64.03853098163381
33.79862196743488
38.8291259878315
25.151963985990733
88.1909109884873
23.664774955250323
70.87010302348062
25.50729300128296
35.608778009191155
26.073664019349962
64.60817001061514
24.816607008688152
26.20951004792005
33.45673996955156
51.23250198084861
26.68716898187995
62.48396396404132
31.97515499778092
66.19807699462399
37.86946297623217
70.30154403764755
24.871783971320838
43.22971397778019
34.84933101572096
40.175646950956434
41.265153035055846
74.90205601789057
23.622256005182862
38.459527015220374
28.726229968015105
42.778760951478034
31.138523016124964
46.67065502144396
39.77135103195906
39.535942021757364
40.145226987078786
63.09344503097236
28.671481006313115
33.14594295807183
20.3517249901779
47.426377015654
23.42802903149277
51.01420101709664
26.45510999718681
41.07125400332734
34.45629100315273
42.798479029443115
22.97643100610003
51.238941960036755
26.9139269948937
61.69562501600012
23.3723139972426
51.81586602702737
35.29608895769343
58.22247202740982
29.126434994395822
70.00649196561426
30.08070297073573
39.0875720186159
28.739381988998502
71.36321399593726
34.436113957781345
49.93152304086834
28.864516003523022
79.92942800046876
27.615004975814372
45.90104997623712
26.819957012776285
58.940240007359535
33.187697001267225
66.1473089712672
21.2163960095495
48.36052202153951
30.538266990333796
78.57827300904319
28.322662983555347
44.08438201062381
25.77171695884317
67.88758299080655
33.67454500403255
65.15562901040539
25.753346970304847
26.43300697673112
34.028769994620234
72.54098495468497
26.069192041177303
31.661767978221178
24.36837402638048
63.14734602347016
28.847330017015338
69.69706399831921
22.493412951007485
29.846247052773833
35.710458003450185
65.73969597229734
24.0438140463084
44.21999299665913
27.757170028053224
35.14767304295674
26.126702956389636
26.06976596871391
23.08352797990665
55.153732013422996
28.57367304386571
59.49199601309374
26.203010987956077
22.632740961853415
23.27331603737548
26.98628301732242
32.2147139813751
73.46644799690694
20.558243966661394
20.395514962729067
20.331623032689095
41.37282399460673
22.8458609781228
48.61976800020784
24.418209970463067
69.94625896913931
28.812846983782947
58.63107601180673
24.358575989026576
56.05201103026047
30.911337002180517
70.35945396637544
25.8731979993172
50.47920095967129
25.17697197617963
71.37530401814729
33.91137800645083
58.103875955566764
23.324810026679188
51.050487032625824
30.21466900827363
34.190638980362564
26.431692007463425
43.07801299728453
26.965362019836903
34.76278198650107
33.20085199084133
53.56112599838525
22.033372020814568
62.87209200672805
33.09751802589744
69.46907198289409
31.545394042041153
26.404605014249682
39.153829973656684
68.25547898188233
29.153387993574142
44.12482300540432
24.83627200126648
57.76085099205375
35.070523037575185
32.717132999096066
27.591565041802824
30.5240559973754
33.472687005996704
35.367269010748714
36.717287031933665
36.8637380306609
23.518770991358906
57.63309798203409
32.04966598423198
65.61458599753678
27.580972004216164
22.488388000056148
34.88845902029425
63.9431809540838
28.482514957431704
51.58408801071346
29.94807600043714
69.5240090135485
32.069423992652446
60.04502502037212
29.90764903370291
48.61291800625622
28.20211200742051
32.10771398153156
28.902316000312567
30.590624955948442
24.848604982253164
65.76860597124323
33.45378796802834
45.97580502741039
27.829258993733674
44.89584197290242
35.49648600164801
63.53437097277492
29.10198998870328
42.99454495776445
26.938194001559168
34.984076977707446
32.12294704280794
64.09743905533105
20.860638993326575
58.23829199653119
32.59934397647157
70.04152197623625
41.88822000287473
43.22578100254759
26.50471095694229
47.82487399643287
39.0993959736079
66.45889399806038
25.801876035984606
30.159846995957196
36.11764300148934
50.18759804079309
42.52217401517555
42.772956017870456
20.96585201798007
46.941597014665604
28.51594000821933
62.99587897956371
22.401347989216447
54.46302698692307
28.495716978795826
68.09050997253507
32.04326401464641
46.25785199459642
22.251087008044124
45.292338996659964
29.542770993430167
65.84415002726018
26.04566002264619
28.129186015576124
45.58061598800123
28.426451957784593
33.19065400864929
54.18721598107368
24.125028983689845
27.28007303085178
35.46609100885689
42.47789498185739
21.52560802642256
28.320004988927394
28.72313599800691
49.994426022749394
33.161343017127365
40.94735998660326
26.74424200085923
59.65619900962338
27.937947947066277
69.1627970081754
22.36557798460126
25.73033602675423
29.037252999842167
53.71951003326103
34.54108495498076
40.78835097607225
23.427882988471538
62.69573501776904
26.577521988656372
43.36757800774649
21.13694994477555
53.82781202206388
29.021580994594842
70.6424550153315
40.76616105157882
20.544999977573752
23.454279988072813
64.2395710456185
38.48092496627942
57.6999910408631
21.093271963763982
29.249144019559026
40.84729799069464
65.5133569962345
33.87000400107354
37.95039397664368
28.01707200706005
41.58092202851549
30.818976985756308
78.66747997468337
20.47738101100549
46.897372987587005
32.01947797788307
65.44540100730956
28.808338043745607
21.468752005603164
33.26976200332865
28.820685984101146
29.56856501987204
70.85065596038476
21.375852986238897
32.12374000577256
28.94994697999209
57.401022990234196
36.671310022939
37.50797698739916
24.838109966367483
57.24280601134524
32.446884957607836
28.76225096406415
28.139180038124323
53.69723401963711
28.877920005470514
59.756158967502415
40.512314008083194
37.16039698338136
26.16839500842616
71.19328301632777
31.992534990422428
72.8614650433883
23.141244950238615
52.66628199024126
28.860617021564394
37.708603020291775
39.34376797406003
43.4325149981305
26.269808993674815
77.01345399254933
27.006089978385717
57.517622015438974
24.89123702980578
29.776870040223002
34.08710297662765
41.26506904140115
30.490591016132385
43.404429976362735
31.66013100417331
50.729061011224985
28.838643978815526
56.76050396868959
24.541925988160074
31.34747699368745
28.06751400930807
71.91292301286012
26.84989001136273
21.177105023525655
35.92750697862357
64.53667103778571
27.027709991671145
44.06077996827662
23.16281001549214
41.025744983926415
29.131713963579386
67.90925504174083
30.800516018643975
43.66498999297619
38.93446596339345
43.903656012844294
26.018237986136228
63.635915983468294
22.34185003908351
65.61609799973667
20.545274019241333
37.72130195284262
22.38892501918599
22.8035090258345
33.29680598108098
65.14233496272936
33.50311203394085
42.546873970422894
29.746433021500707
37.95234503922984
28.771910001523793
65.55904803099111
38.39725401485339
40.933980024419725
37.788063986226916
38.488774036522955
38.35520101711154
53.67268598638475
25.17570898635313
53.53968602139503
24.791688018012792
61.23987300088629
35.135419049765915
56.12079496495426
32.87629596889019
65.64947700826451
37.044104014057666
48.141713021323085
20.671020029112697
42.42728400276974
28.80894800182432
75.13380498858169
31.01736301323399
49.74700801540166
41.77327599609271
64.90749603835866
28.859582031145692
40.538374974858016
25.14422097010538
66.83700403664261
32.9515709890984
77.24464300554246
30.88721795938909
41.7653740150854
29.17782199801877
33.98832801030949
29.187879990786314
48.761267971713096
22.841568978037685
64.75554697681218
33.88109401566908
61.86488998355344
29.50679400237277
49.13196305278689
28.923471982125193
78.14223098102957
36.91977896960452
53.84417297318578
21.938749006949365
60.933432017918676
29.92089802864939
65.50589698599651
44.99681695597246
45.32532294979319
31.799749995116144
57.42571596056223
28.769141004886478
59.20584104023874
24.398325011134148
40.206848992966115
28.946133970748633
38.07226096978411
27.251621009781957
42.85234399139881
31.175395008176565
70.12966595357284
38.37503300746903
29.741256963461637
22.811374976299703
65.06825698306784
28.797057981137186
41.3306379923597
28.923917969223112
43.32532500848174
25.984102045185864
68.79258301341906
32.888173998799175
51.89262900967151
28.50902301725
53.32489497959614
30.912873975466937
62.30352900456637
26.12471202155575
44.5253910147585
33.10794901335612
38.71938504744321
30.806605995167047
57.5187070062384
27.67601900268346
58.54325898690149
28.766667004674673
54.03192702215165
22.0962519524619
45.730480982456356
28.928747051395476
64.92751999758184
33.31984195392579
25.039742002263665
25.499946961645037
54.17154199676588
33.05255703162402
71.05577300535515
25.696302007418126
56.68468796648085
26.10268199350685
38.6754660285078
37.265906983520836
55.72463700082153
25.817588029894978
73.30375903984532
28.822534019127488
69.16490901494399
24.794348049908876
53.85751201538369
34.37503700843081
39.113259001169354
32.345974002964795
21.348911977838725
27.268069970887154
38.47834200132638
32.83864998957142
57.25183599861339
24.293483002111316
32.11478498997167
35.37262900499627
66.10166298924014
30.632924987003207
42.65846899943426
23.375029035378247
71.19210704695433
28.833524964284152
71.23234996106476
27.184423990547657
32.069030043203384
26.934440014883876
70.48539898823947
42.02445998089388
26.744978968054056
30.215833976399153
37.08426799857989
41.95397498551756
66.59897899953648
21.381628990639
48.79665799671784
34.64099299162626
42.145930987317115
40.009302960243076
43.98939700331539
34.967581974342465
41.68451298028231
28.810417046770453
26.48056298494339
26.88405802473426
32.902900013141334
33.46667200094089
62.67344899242744
32.883939042221755
20.978001004550606
38.89775899006054
65.14360196888447
42.57946502184495
69.14349005091935
23.051094030961394
60.7510709669441
34.4446930103004
67.35378003213555
30.845907982438803
23.622006992809474
38.39620796497911
33.78566598985344
36.66305297520012
71.4547680108808
23.96126202074811
61.685141001362354
26.87297499505803
60.97916600992903
27.238895010668784
44.723391009029
33.50224101450294
33.9829990407452
35.32105701742694
53.54429897852242
28.08980899862945
60.013566981069744
28.532008989714086
70.82765497034416
24.908321036491543
56.63247499614954
28.208199015352875
33.76727702561766
41.690274025313556
65.20194496260956
53.35321795428172
36.234289000276476
26.754577993415296
68.56379797682166
24.098727968521416
42.424632993061095
31.666470982600003
60.274484974797815
37.07735502393916
77.4637900176458
31.051322992425412
47.82780498499051
24.84920498682186
65.24011096917093
43.34124701563269
46.70676396926865
30.620564008131623
62.761984998360276
33.25959597714245
41.9713209848851
24.926193989813328
58.30990895628929
32.60594897437841
69.7883729590103
30.64017096767202
54.57157298224047
28.951080981642008
33.69164699688554
26.55775804305449
45.72787100914866
26.153334008995444
44.76588004035875
45.61444197315723
59.949762013275176
28.858181030955166
42.987711960449815
33.4141890052706
56.67807097779587
26.774998987093568
27.04522100975737
24.301266006659716
60.976718028541654
30.089877953287214
69.52110200654715
23.92741199582815
48.83566498756409
26.894503040239215
69.43977600894868
28.63083203556016
45.47534603625536
25.248322053812444
57.98022705130279
41.46066104294732
69.23080701380968
27.18181296950206
50.84276502020657
25.392483978066593
50.01881200587377
43.29346603481099
28.284071013331413
23.591899953316897
59.39178797416389
35.58336803689599
80.18495998112485
24.27254297072068
53.337834018748254
29.477094998583198
70.07363700540736
33.356777974404395
22.312059008982033
27.34455099562183
27.02146500814706
36.31846100324765
69.20047401217744
24.014397989958525
48.424765991512686
24.878691998310387
62.28896899847314
39.546064974274486
23.235705972183496
31.376553000882268
65.5258449842222
32.562917040195316
63.67676402442157
23.37651699781418
55.04147004103288
28.75684096943587
68.59004299622029
37.381688016466796
53.70744498213753
30.575098004192114
35.33814597176388
37.39708702778444
68.30986199202016
24.925807025283575
58.4947100142017
29.35056301066652
61.57708598766476
33.531016029883176
43.93192002316937
36.837490973994136
61.92273000488058
37.948884011711925
72.45012297062203
27.247246995102614
33.9333739830181
26.90766198793426
60.24613499175757
27.144244988448918
20.610272011253983
33.60871400218457
29.548830003477633
28.894593007862568
72.39870098419487
24.58124700933695
59.97373000718653
32.234162965323776
40.322450979147106
28.33548898342997
38.417019008193165
40.339132014196366
49.51764899305999
26.916187023743987
69.17130801593885
22.966210963204503
58.443602989427745
31.752707029227167
69.37522900989279
32.499541994184256
23.938699974678457
33.40772102819756
68.11739201657474
29.555051994975656
57.752864027861506
21.307672024704516
75.6027820170857
26.952779036946595
71.19392900494859
31.522398989181966
43.59090601792559
33.72252295957878
49.81615801807493
38.01325801759958
40.25513195665553
29.74439598619938
47.85038100089878
31.53195697814226
59.975906973704696
27.897402993403375
46.08877800637856
34.8504509893246
36.29928594455123
28.824621986132115
41.028867999557406
29.34631099924445
56.6109360079281
29.4606969691813
58.282212004996836
31.26446297392249
28.14653899986297
32.42219000821933
60.750841978006065
28.886373969726264
42.62889898382127
25.524439988657832
51.567193993832916
35.20793601637706
60.53878698730841
30.03070200793445
53.889994975179434
29.82157201040536
70.67420898238197
32.97636902425438
40.928324975539
33.03557098843157
63.19284898927435
27.42498100269586
60.82596100168303
30.578753969166428
30.566918023396283
36.65399696910754
33.79274398321286
36.79089405341074
63.02027800120413
27.85490098176524
41.87546396860853
27.061727014370263
70.06345904665068
28.15306797856465
42.4601859995164
27.26561902090907
68.00577399553731
36.580404033884406
48.138252983335406
31.150594004429877
69.32507600868121
31.03816299699247
36.98332898784429
26.847136963624507
48.13784500584006
29.320253990590572
37.13333100313321
41.299677977804095
31.116341007873416
26.611205015797168
67.87437404273078
29.380557010881603
72.89427099749446
25.61770804459229
32.79988298891112
29.627749987412244
65.36233198130503
28.982036979869008
59.90477296290919
25.291276979260147
67.86542700137943
35.10305000236258
39.95440999278799
39.49322400148958
48.4167379909195
33.44590897904709
44.28555798949674
26.771509961690754
21.285604976583272
23.592496989294887
60.29109994415194
40.23560701170936
41.274009039625525
30.230186006519943
33.036851964425296
37.86231903359294
64.73322201054543
26.272669027093798
23.133439011871815
29.158328950870782
68.26033297693357
29.141176026314497
37.26316802203655
26.663286960683763
52.19426297117025
28.650150983594358
50.625073025003076
33.387041999958456
39.05314899748191
25.049348012544215
70.79144701128826
27.02188998227939
59.66231902129948
27.876994980033487
51.286144996993244
28.699446003884077
59.197882015723735
36.61002201260999
23.26078194892034
27.718911005649716
72.97277299221605
35.65762803191319
36.86720196856186
22.08400797098875
52.762831968721
28.85921800043434
42.274406005162746
39.121099980548024
43.057353992480785
23.65089498925954
74.48929501697421
28.78447901457548
66.62439904175699
24.23649199772626
48.50890801753849
28.75087095890194
50.01907900441438
22.941801988054067
20.489602000452578
30.124292999971658
65.13874500524253
21.67766698403284
58.89805604238063
22.88802800467238
59.086131979711354
32.62961201835424
44.53259997535497
29.126645007636398
39.43294798955321
29.44906201446429
68.02768801571801
43.19434898206964
42.103521001990885
23.17955798935145
36.20428900467232
28.092009015381336
61.88821396790445
27.672706986777484
21.981372963637114
31.671298027504236
26.94692398654297
32.68892999039963
65.69522497011349
24.229189031757414
44.82928296783939
32.54166099941358
62.06105003366247
29.628907970618457
23.096782970242202
38.75498904380947
58.18992096465081
37.66206098953262
72.16321397572756
24.378822010476142
56.99896201258525
40.2116309851408
64.80403000023216
31.34328097803518
40.43463297421113
40.9409929998219
70.5150609719567
38.41962298611179
42.092214978765696
25.191424996592104
56.46579898893833
32.66788896871731
78.53949698619545
37.41501801414415
37.80412202468142
34.85844697570428
67.98101298045367
32.89571200730279
35.61017999891192
30.969557003118098
55.1840320113115
33.49569998681545
69.63115802500397
30.190447985660285
41.79398395353928
32.99749700818211
42.070381983648986
20.884501980617642
55.622139014303684
32.09185798186809
39.17924902634695
26.0655379970558
67.56940501509234
28.964213037397712
42.403917002957314
33.463513012975454
29.115454002749175
31.665713991969824
27.24326099269092
26.085218996740878
51.15485796704888
28.91065797302872
36.203518975526094
37.05868998076767
40.18452297896147
43.56597998412326
38.65055902861059
31.772496993653476
58.63005499122664
33.22546900017187
62.64427496353164
26.811414980329573
41.16123198764399
33.53942296234891
50.99338700529188
32.13608200894669
42.126891028601676
29.684868990443647
36.08056902885437
28.50655699148774
67.02918099472299
28.935809968970716
55.05563400220126
32.24302199669182
28.02076900843531
29.244491015560925
57.04276397591457
35.863316035829484
44.90782105131075
26.365513971541077
48.0299629853107
27.337170962709934
52.999077015556395
26.979533955454826
43.028072046581656
30.460855981800705
53.79031196935102
45.06291000870988
66.473015001975
31.27063997089863
63.33780800923705
29.038132983259857
68.57500900514424
29.906131036113948
46.32165399380028
30.60389100573957
66.39880203874782
30.470073979813606
63.33992799045518
34.43178703309968
27.418784971814603
28.901524026878178
56.2741220346652
28.580715996213257
35.86785699008033
31.064262962900102
55.92580197844654
27.848942030686885
64.62752097286284
25.93012695433572
65.91763300821185
26.91620698897168
40.94252799404785
32.40039199590683
32.43705001659691
28.439879999496043
33.458689984399825
30.21804097807035
67.4165419768542
24.869453976862133
60.567001986783
29.405159002635628
73.67338903713971
27.44763100054115
49.96747605036944
29.34832195751369
52.29324899846688
38.08409598423168
71.73911400604993
23.013493977487087
33.91044802265242
28.374955989420414
42.621797998435795
30.86804400663823
30.440614966209978
30.16842796932906
40.65893299411982
29.57951999269426
29.982004954945296
23.447441984899342
79.07947798958048
42.12377802468836
71.82354002725333
26.066416001413018
33.89857598813251
28.433942003175616
61.14605697803199
30.090382031630725
66.44628796493635
27.863863040693104
66.85659900540486
26.923588942736387
20.969549019355327
27.048718999139965
53.75923897372559
27.763905003666878
48.570817976724356
30.00305499881506
54.05098898336291
31.590041995514184
66.32906896993518
28.79483997821808
39.76080904249102
25.69011499872431
64.16129000717774
28.831885021645576
58.07810201076791
