24.846147978678346
34.28516199346632
35.89136802474968
36.67753198533319
37.44612101581879
42.16661301325075
35.54929100209847
37.953152001136914
37.960818997817114
35.75479501159862
35.349259997019544
35.29576800065115
35.12479897472076
35.088136995909736
35.08232501917519
35.611626983154565
35.45114499866031
36.75563100841828
37.051933992188424
35.413688980042934
35.03855498274788
35.08665299159475
35.17776299850084
35.11755698127672
35.12748799403198
35.11272600735538
35.180201986804605
35.11429001810029
35.40507599245757
35.5943140166346
34.98174299602397
35.530890978407115
35.36203902331181
37.974149017827585
29.8685270245187
35.710846015717834
35.317535017384216
37.52691802219488
36.931365000782534
35.06103900144808
35.044906981056556
35.1112530042883
35.40117898955941
35.14600798371248
35.079850000329316
35.26015600073151
35.68596800323576
37.11905601085164
37.40411001490429
35.14758302480914
35.1253499975428
35.15493799932301
35.10696699959226
35.44788001454435
35.383712995098904
35.44181300094351
35.068633005721495
35.45748902251944
35.51335399970412
35.81265301909298
35.14992099371739
35.22337900358252
35.836010007187724
35.423438996076584
35.53292600554414
37.27647801861167
35.752223018789664
35.63045000191778
35.54030598024838
35.94825300388038
35.21639099926688
35.12844498618506
34.898247016826645
35.83486899151467
35.62860100646503
35.361457004910335
35.387892014114186
36.950117006199434
36.978917982196435
34.96151199215092
35.405047005042434
35.3905709926039
35.621717979665846
35.45581200160086
35.5658320186194
35.014901019167155
35.11159599293023
35.615230997791514
35.559134994400665
35.62669997336343
35.446483991108835
35.446035995846614
35.4483220144175
35.41543701430783
35.61591499601491
41.371874016476795
35.08995898300782
35.08577999309637
35.415124002611265
35.30108000268228
35.03128499141894
35.069283010670915
35.05078700254671
35.1207590138074
35.116255981847644
35.11349999462254
35.222473001340404
35.33092400175519
35.42741999262944
35.36907397210598
35.62172001693398
35.56716800085269
35.76783399330452
37.19742500106804
35.591084975749254
35.494359995936975
35.43191100470722
35.432559001492336
35.47889299807139
35.445142013486475
35.54892601096071
36.930161993950605
37.800373014761135
35.48332501668483
35.72133701527491
35.68505099974573
35.4957609961275
35.49591000773944
37.08334299153648
36.05101600987837
37.66331498627551
35.72455598623492
37.67852298915386
35.04191100364551
35.28590998030268
35.205750027671456
35.292017011670396
35.41704601957463
36.446065991185606
35.34742197371088
35.59755301102996
35.42550400015898
36.60973199293949
35.66051000962034
35.59370699804276
35.48292600316927
35.78994798590429
35.29291198356077
35.368409007787704
35.39676300715655
35.70432399283163
35.45943199424073
36.560332984663546
35.67503800150007
35.45773299993016
23.835311003495008
35.598565998952836
35.390558012295514
37.04218097846024
35.69592902204022
39.644865988520905
36.67409799527377
35.70179600501433
36.97398499934934
35.6446549994871
35.63644000678323
37.525532010477036
37.43934599333443
36.0142910212744
35.39889000239782
35.621846007416025
35.50426600850187
35.45077401213348
35.499869991326705
35.459654027363285
35.153842996805906
37.09865000564605
35.87192899431102
35.41665498050861
35.12315801344812
35.420988977421075
35.05742299603298
35.10892498889007
37.58237700094469
35.32013500807807
35.73222100385465
38.633478980045766
37.6664659997914
37.38575798342936
35.606151999672875
35.54459000588395
35.759890015469864
37.33104499406181
35.382250003749505
35.43569898465648
38.3610840071924
36.02723000221886
35.450928000500426
35.4138599941507
35.325372009538114
35.61118102516048
35.35667498363182
35.65236600115895
35.78015699167736
35.47757098567672
35.46451497823
37.39074899931438
35.58361702016555
35.13049698085524
35.236192983575165
35.53281701169908
35.35282600205392
35.42387700872496
35.83109501050785
35.69862199947238
35.90778697980568
38.210789003642276
36.68201400432736
35.885689983842894
36.00056699360721
35.67822198965587
35.71182501036674
36.036089004483074
36.31904401117936
35.50627001095563
35.6956839968916
36.111152003286406
35.44737500487827
36.22018898022361
35.477138007991016
35.74172701337375
35.98966199206188
35.106785013340414
35.76105899992399
36.535736988298595
35.769498004810885
36.15315200295299
36.70162000344135
35.91374697862193
35.763995023444295
37.145732989301905
35.138639010256156
35.07030900800601
35.14084601192735
35.12577197398059
35.248353000497445
36.3423409871757
35.69057901040651
35.608728998340666
35.49924699473195
35.319927003001794
37.22564899362624
37.15494298376143
35.22786099347286
35.04617401631549
35.087997996015474
35.9104459930677
35.54505101055838
35.585962992627174
35.672500991495326
35.278941999422386
35.3225150029175
35.69356200750917
35.64231001655571
35.05657098139636
35.130150004988536
35.506309010088444
35.50777299096808
35.53432700573467
35.470803995849565
35.575427988078445
35.465683991787955
35.60486400965601
35.52679700078443
35.03964497940615
35.73659699759446
35.681046021636575
35.09908600244671
35.08904398768209
35.039042006246746
35.44758498901501
35.44994199182838
35.493067000061274
35.746917012147605
35.527848987840116
35.5625280062668
35.98676997353323
35.476536984788254
34.70039300736971
35.75752998585813
35.38153599947691
35.41988498182036
36.97217701119371
34.28360100951977
34.22480297740549
37.15446699061431
35.78433199436404
35.17869100323878
36.86685799038969
38.6919490119908
35.352015984244645
35.39820801233873
35.48899301677011
35.193328018067405
35.46664598979987
35.45289800968021
35.38700600620359
36.88492198125459
35.157145000994205
35.18808900844306
35.436070000287145
35.42763402219862
35.60303201084025
35.71681000175886
35.931328020524234
36.12247700220905
31.711251998785883
36.949266999727115
36.85393798514269
36.91657999297604
38.10508799506351
38.483342999825254
35.6312399962917
35.46216699760407
35.02276900690049
35.05978701286949
35.87386599974707
35.37855399190448
35.46857798937708
35.92945900163613
35.04533800878562
35.11678401264362
35.06258100969717
35.0314519891981
35.06789801758714
36.035030003404245
36.15845201420598
35.511892987415195
35.124257003189996
36.209936981322244
35.25419198558666
35.14723200351
35.52630799822509
35.719172010431066
35.055757994996384
37.51327900681645
38.051712996093556
35.80731799593195
35.57780900155194
36.79494600510225
36.2852799880784
36.11246799118817
35.482770996168256
36.0691929818131
35.8003530127462
35.63475198461674
36.058202997082844
36.42500299611129
35.463932988932356
35.413557023275644
35.546064988011494
35.441960993921384
36.09354197396897
35.085278999758884
35.052976018050686
34.987694991286844
35.6203289993573
35.076497006230056
35.054101987043396
35.32274600001983
35.15002998756245
35.19784702803008
35.149684990756214
35.060340014752
35.00023699598387
35.00049901776947
35.10141500737518
34.97332500410266
35.437964979792014
35.82095299498178
35.488690016791224
35.12423500069417
35.031618986977264
35.062173003097996
35.02910098177381
35.036482993746176
41.4892380067613
35.315882007125765
35.030560015002266
35.37408000556752
35.52425798261538
35.82790799555369
35.03251800430007
35.28226201888174
35.08168601547368
35.23255800246261
35.270281980047
35.051224986091256
35.19355700700544
35.201311024138704
35.166140005458146
35.2909590001218
35.14478000579402
35.74887602007948
38.7148619920481
35.42828100034967
35.53686200757511
35.39567600819282
35.575175017584115
35.38638199097477
35.88681999826804
35.557953000534326
35.77323799254373
35.08666701964103
35.1890750171151
35.15587601577863
35.45158100314438
35.71505699073896
35.5023110168986
35.69720798986964
35.80303199123591
35.474134987453
35.78473598463461
35.76020497712307
35.635946987895295
35.3566610137932
35.79649800667539
35.52582999691367
35.93352000461891
35.595227003796026
35.68089098553173
35.57710998575203
35.37570501794107
35.59912700438872
35.59811200830154
35.60415201354772
35.209674009820446
35.56787400157191
35.48115698504262
35.57710300083272
35.21155100315809
35.535766975954175
35.59116797987372
35.36753699881956
35.61500701471232
36.053191986866295
37.52335099852644
35.122487985063344
35.22598699782975
35.688518022652715
35.9585210098885
35.724949004361406
35.19536700332537
35.41912298533134
35.081586975138634
35.98387201782316
35.30391902313568
35.7332720013801
35.73516200412996
35.36821698071435
35.30655999202281
35.31843001837842
35.268923005787656
35.230595007305965
35.63585798838176
35.63525798381306
35.15174801577814
35.25400900980458
35.32232501311228
35.48979898914695
35.60501799802296
35.583591990871355
35.60337400995195
35.727023001527414
35.782849008683115
35.60067401849665
35.487946995999664
35.72452699881978
35.698593012057245
35.62340498319827
35.750631999690086
35.65197199350223
35.299083014251664
35.90172799886204
35.65170901129022
35.76113798771985
37.14846100774594
35.76556500047445
35.63933100667782
35.60349700273946
35.275564005132765
35.10786799597554
35.40950399474241
35.57610299321823
35.886845987988636
36.10796801513061
38.16943700076081
35.69520000019111
35.70141099044122
35.382610018132254
35.60014700633474
35.682169982464984
35.615901986602694
37.31798499939032
35.70640701218508
35.66569197573699
35.78954600379802
35.56319201015867
35.65084599540569
36.113376991124824
35.660288005601615
35.770413000136614
35.85077100433409
36.124602978816256
35.71900998940691
35.678369022207335
37.788112997077405
35.73845900245942
35.6291210046038
35.6248960015364
35.531559988157824
35.62224199413322
35.569420986576006
35.60956701403484
35.68064598948695
35.57463199831545
35.62317101750523
35.602646006736904
35.68618299323134
35.31261399621144
35.73495999444276
35.71556200040504
35.221319005358964
36.542479996569455
35.5452969961334
35.60389400809072
35.76665397849865
35.517165990313515
35.33655498176813
35.43443497619592
42.186682985629886
35.10398100479506
35.77187698101625
33.32647500792518
34.25441498984583
31.27993899397552
31.952527002431452
35.698061023140326
36.287522001657635
36.00471199024469
36.152096989098936
31.692096003098413
29.59840401308611
35.54747402085923
35.439740982837975
35.348170989891514
35.26571599650197
35.55785599746741
35.24124500108883
35.53946301690303
35.52513898466714
35.41209999821149
35.33824501209892
33.915134001290426
35.2764859853778
35.667666990775615
37.335514003643766
35.57334799552336
36.667962005594745
29.50649501872249
38.66963600739837
37.047038989840075
35.62802498345263
38.97824298474006
38.25847900588997
36.54891700716689
32.81678698840551
35.45542500796728
35.57905799243599
35.229500994319096
36.30030099884607
35.7415970065631
35.71786201791838
36.85600601602346
35.72310699382797
35.71143498993479
37.88732801331207
43.02154199103825
34.56378501141444
33.96738300216384
36.394727998413146
36.10880600172095
36.39128900249489
33.19034099695273
32.92013701866381
32.051779999164864
37.703373993281275
35.73841499746777
38.61356800189242
35.257863986771554
37.391529011074454
35.206311993533745
35.507052001776174
35.88736499659717
35.28484798152931
35.68429301958531
35.382214991841465
35.309794009663165
35.33038598834537
35.26866598986089
35.1673029945232
35.35081900190562
35.651957005029544
32.65110601205379
35.76529899146408
35.38554199622013
35.64313901006244
35.612679028417915
35.573256987845525
35.509268986061215
35.80678900470957
35.31918799853884
35.2904409810435
35.14841801370494
35.29001699644141
35.37554299691692
35.806706990115345
35.43611799250357
35.45820101862773
35.57977799209766
35.780387988779694
35.78640698106028
35.25823098607361
33.4843700111378
35.26684397365898
35.264449019450694
30.964237987063825
33.33813798963092
35.63941200263798
35.90963900205679
35.74653700343333
35.28821698273532
35.950010002125055
36.22135799378157
33.74552499735728
37.20127299311571
35.61948801507242
35.726347006857395
35.76860699104145
35.136235994286835
35.80269499798305
35.48361497814767
35.425764974206686
36.0732389963232
32.69451600499451
35.68134200759232
35.72889498900622
35.76810599770397
35.472540999762714
35.42290200130083
35.54527502274141
36.32573600043543
35.70339101133868
35.65696100122295
33.131542993942276
27.95809699455276
36.192280997056514
36.35351700359024
35.759306978434324
34.96180800721049
33.468432986410335
38.83941599633545
37.70321499905549
37.463444023160264
34.70169901265763
36.01613698992878
35.61113102477975
40.51691698259674
60.7673850026913
34.80716299964115
34.7586779971607
34.85300097963773
34.67950999038294
34.795551997376606
34.678204014198855
34.848070004954934
39.47644997970201
35.07478299434297
34.67275499133393
35.12878902256489
34.868143004132435
35.016865003854036
34.041342994896695
30.890181980794296
35.29016501852311
35.96205700887367
35.51267797593027
34.7795230045449
35.83533299388364
44.73770299227908
36.14249202655628
35.45589599525556
35.51514801802114
36.56912699807435
35.47062102006748
35.05859398865141
35.09098500944674
35.48181400401518
36.03897799621336
35.434491001069546
35.34153799409978
35.64886099775322
35.430532007012516
35.11949299718253
35.95908198622055
35.42512599960901
35.3590449958574
35.1778480107896
35.29986200737767
35.43158300453797
35.32435299712233
35.85754000232555
35.823691985569894
35.47954198438674
35.42621398810297
35.62339901691303
35.63050500815734
35.28239199658856
35.51841800799593
35.492584021994844
35.28402198571712
35.23623899673112
35.484925989294425
35.091872996417806
36.274995014537126
35.59248600504361
36.438276001717895
35.615499975392595
35.59370100265369
35.43469400028698
35.40702100144699
35.38096300326288
35.49282002495602
36.89255198696628
35.69358799722977
35.72260600049049
35.904232994653285
34.98196500004269
37.08820100291632
35.84298898931593
36.82246900280006
36.883113003568724
36.633501993492246
33.24442799203098
35.86987001472153
35.90064399759285
35.39668399025686
35.45249497983605
33.212348993401974
36.332006013253704
32.89657898130827
34.92179498425685
35.45333398506045
35.106526978779584
35.029375983867794
33.4530700056348
35.03603898570873
33.11041300185025
35.22966301534325
33.30156399169937
35.505755979102105
35.50799601362087
30.516985018039122
36.56463397783227
38.596386002609506
35.17085997737013
35.73885699734092
33.06729102041572
35.33844600315206
35.54889000952244
32.84594998694956
36.77125199465081
37.17568397405557
36.489382007857785
39.650787017308176
37.36104001291096
36.926352011505514
35.73891200358048
38.15074000158347
36.73757700016722
36.36047299369238
35.43840200291015
35.94184701796621
33.66998001001775
33.204928011400625
33.535522990860045
35.68296800949611
36.36672499123961
35.73276801034808
35.24376402492635
35.39362800074741
35.63283401308581
37.69812700920738
35.23888601921499
37.574301997665316
36.406311992323026
35.160858009476215
36.76249200361781
35.279092990094796
35.35903198644519
38.6807759932708
34.647488995688036
35.242797981482
33.97465200396255
35.01203597988933
39.43660799995996
34.35776400147006
34.156039997469634
37.37714700400829
35.764658998232335
35.241125005995855
33.2695999823045
33.914836996700615
35.38069300702773
36.23947300366126
33.34152602474205
36.36091298540123
36.130213004071265
36.42543702153489
35.41146300267428
37.85239902208559
33.29474700149149
36.074012983590364
35.342090006452054
36.90883898525499
35.494504001690075
35.41581900208257
33.85303801042028
35.9379879955668
35.08995601441711
35.979264008346945
35.196964017814025
35.835983988363296
36.4069780043792
35.801213001832366
36.3696459971834
34.736248024273664
36.03170200949535
35.156739002559334
33.454281016020104
37.34159201849252
36.56576797948219
36.462367977947
36.810673016589135
35.059518995694816
34.18619598960504
33.76181598287076
35.025483986828476
34.762452996801585
33.30031601944938
34.239812986925244
35.121271008392796
35.18077899934724
39.18191700358875
35.670213983394206
35.71194899268448
35.48237102222629
35.06073000608012
33.581501978915185
35.296292015118524
35.61147098662332
35.26822500862181
33.73748800368048
34.41304399166256
35.6620560050942
36.226742988219485
39.288195985136554
35.09782999753952
36.12076700665057
36.187182005960494
35.663215996464714
35.42823699535802
35.106561990687624
38.800869981059805
36.11044998979196
35.98501600208692
35.90111300582066
35.14625199022703
35.391108016483486
36.79377899970859
36.09350899932906
34.98144500190392
33.84224898763932
35.68516799714416
35.74329600087367
32.527967006899416
34.062841994455084
35.47885702573694
36.10100000514649
35.573737986851484
35.77964199939743
35.64154700143263
35.78567600925453
39.59195199422538
36.3206869806163
35.931065009208396
35.86180802085437
39.99671101337299
33.46976501052268
35.834834998240694
36.04864701628685
35.558182979002595
33.46463100751862
40.619168983539566
35.88580200448632
35.99499800475314
35.47251698910259
36.357949022203684
35.95801998744719
39.7972599894274
36.18613601429388
35.65209999214858
36.04001697385684
37.051727005746216
36.07647502212785
36.0430599830579
33.932696998817846
35.91892300755717
36.01291999802925
35.79524901579134
35.641369002405554
36.357300996314734
35.85831497912295
36.51740000350401
33.168237016070634
36.454610992223024
35.632680024718866
35.54480298771523
35.536545008653775
35.71896199719049
35.770205984590575
31.18674800498411
34.201485017547384
39.80955699807964
35.81497201230377
35.955644998466596
35.35123998881318
35.10475700022653
35.33216399955563
35.5646810203325
36.0945469874423
35.99397899233736
33.58361599384807
41.23632199480198
32.250880991341546
36.26792400609702
35.53425602149218
35.97068399540149
35.34766598022543
35.29068297939375
35.698558000149205
35.08403300656937
33.90605200547725
36.33735500625335
35.411880002357066
35.33678501844406
35.73245299048722
36.099640012253076
34.496452019084245
35.331827006302774
35.903849988244474
35.90127997449599
37.122239999007434
35.238392010796815
34.49232300044969
36.12722401157953
35.23367800517008
34.68601300846785
36.01088601863012
35.69632599828765
34.931563975987956
35.19129098276608
35.31521398690529
36.63890200550668
35.90289899148047
37.533869995968416
35.89867500704713
38.384584011510015
35.710088995983824
40.11869602254592
35.81682499498129
35.60759799438529
34.91286298958585
39.420503977453336
35.55703998426907
36.866683018160984
35.812332993373275
35.322077019372955
35.86478700162843
35.38140401360579
35.90478701516986
35.978888015961275
36.87811701092869
35.80953000346199
35.69192602299154
37.43172698887065
36.02576698176563
39.70556001877412
35.70497001055628
39.88850300083868
39.190660987515
35.82543900120072
35.715469013666734
34.91470601875335
39.35069098952226
36.657705990364775
35.8421620039735
36.01804299978539
35.93722701771185
36.43924498464912
36.03254197514616
35.912219987949356
35.90105500188656
35.7009650033433
35.754445008933544
35.866858990630135
35.772325994912535
36.41842197976075
35.75588099192828
35.58243199950084
35.716112004593015
35.94378600246273
35.75297101633623
35.88668699376285
36.067709006601945
35.87146001518704
35.60092399129644
35.57063400512561
35.976596002001315
35.50218101008795
35.71900000679307
36.28259198740125
35.78386901062913
36.092435009777546
35.657380998600274
38.65477099316195
35.701837012311444
35.881138988770545
35.385105991736054
36.19723999872804
34.494910010835156
35.38903800654225
34.538473992142826
35.5903820018284
35.90348199941218
35.994042991660535
35.8701859950088
36.77390699158423
35.684192000189796
35.69171400158666
35.73413900448941
35.6830199889373
35.474478994729
35.935772000811994
35.55509299621917
35.61189598985948
35.56299099000171
35.945201001595706
36.08719300245866
35.79910399275832
35.835160000715405
35.49706900957972
35.81389901228249
35.73511500144377
35.9439579769969
35.708545008674264
35.664032999193296
39.958128007128835
36.00523597560823
36.157877009827644
35.79987000557594
35.850845015374944
35.529442015103996
35.54591798456386
35.549866006476805
35.524492006516084
35.489405010594055
35.78877801191993
35.741831990890205
35.52788100205362
35.80955701181665
35.928444005548954
36.18966997601092
37.33210399514064
35.45597201446071
36.98792101931758
35.79409001395106
35.49659199779853
35.54053002153523
35.969549004221335
35.83758801687509
35.469419992296025
35.549511027056724
35.48761899583042
35.858443996403366
35.52590400795452
35.88929001125507
36.25508802360855
35.43570500914939
35.54187100962736
35.800151992589235
36.24667800613679
36.09310000319965
36.057223012903705
35.78212799038738
35.7026320125442
35.75894600362517
35.65282101044431
35.73967100237496
36.192846018821
35.43547898880206
35.52264999598265
36.240145011106506
35.61043698573485
35.69700900698081
35.43456498300657
35.324319993378595
35.39006400387734
35.449513990897685
35.599675989942625
35.6064600055106
35.914047999540344
35.527038999134675
35.142064007231966
35.68180001457222
36.09037701971829
35.998665989609435
36.12353900098242
36.151079984847456
35.525079001672566
35.7802780054044
35.501945996657014
35.64392900443636
36.067448992980644
35.7363160001114
37.057801004266366
35.86727302172221
36.15393998916261
36.24620000482537
35.233292990596965
35.999553016154096
35.998867999296635
36.127127008512616
35.574113979237154
35.44489500927739
35.329284000908956
35.553565016016364
35.673631995450705
35.804449988063425
36.07733498211019
34.707004990195855
35.90347900171764
35.95286700874567
35.775961994659156
35.59417399810627
36.15538802114315
35.728771006688476
36.24601199408062
35.774887015577406
35.953293001512066
35.92786600347608
35.83801400964148
35.95278400462121
37.15551798813976
35.995187994558364
38.33139402559027
33.40918099274859
38.685285981046036
37.817985023139045
36.479810980381444
37.26727300090715
35.692976001882926
35.82769600325264
35.90326299308799
35.53232399281114
36.60896699875593
34.78627000004053
34.9042090238072
35.922194976592436
35.463324980810285
36.04018097394146
41.92614200292155
38.813944993307814
35.37663401220925
35.67302899318747
35.72331098257564
36.344226013170555
37.64815701288171
34.891339018940926
37.492044997634366
35.12144600972533
35.53665999788791
36.271331016905606
33.74757801066153
39.12764499546029
37.289764994056895
36.457671027164906
37.10170098929666
35.54126198287122
35.67465802188963
40.18150799674913
39.26286898786202
37.15641700546257
37.35393501119688
36.29534301580861
35.635269014164805
37.837775016669184
35.21774199907668
35.038368980167434
36.18675598409027
37.7611470175907
37.44406200712547
36.60920000402257
36.29659800208174
39.974599989363924
35.35072400700301
35.517593001713976
35.7382690126542
35.080272995401174
33.90092001063749
35.320972005138174
31.8845130095724
35.73199099628255
35.22079801768996
31.660510023357347
34.44951900746673
35.858874005498365
36.15633898880333
35.65247301594354
35.41638300521299
35.91090699774213
36.47673098021187
40.99095400306396
35.74780799681321
35.89843699592166
35.955824016127735
35.15043100924231
35.205429972847924
42.516055022133514
35.56549601489678
43.99699400528334
38.193332991795614
38.12459800974466
38.771852996433154
35.605598997790366
44.716514996252954
44.518638984300196
35.80961999250576
37.10740298265591
36.17638800642453
35.62106698518619
35.91106599196792
37.568420986644924
37.234493996948004
35.324241005582735
40.91829399112612
35.89892300078645
39.62902000057511
35.69277701899409
40.8198949880898
39.238259982084855
36.4888189942576
35.54042900213972
35.37844298989512
39.21040499699302
43.20244200062007
37.42586402222514
39.45609298534691
35.79074400477111
35.917405009968206
34.54752897960134
38.59798700432293
39.86823701416142
35.945170995546505
35.132218996295705
35.92880698852241
36.05223901104182
35.59767801198177
40.225284988991916
34.787003009114414
35.19646401400678
