62.04420200083405
52.91188898263499
52.621839015046135
62.768414994934574
53.185177996056154
52.37458797637373
67.6589850045275
51.71140900347382
51.445870980387554
64.07308799680322
51.6760750033427
52.49920699861832
64.48073202045634
53.9251749869436
51.819134008837864
64.07398299779743
51.67812900617719
51.732581021497026
64.13369800429791
51.755466003669426
51.625641994178295
64.71669700113125
51.308391004567966
53.52988600498065
64.92140900809318
51.63663599523716
51.98616301640868
64.51503100106493
53.62121801590547
51.76761499023996
63.93529201159254
52.155066980049014
51.73610697966069
64.00720999226905
52.42952797561884
53.027207002742216
66.45225000102073
51.693645014893264
51.740802999120206
64.03879498247989
52.0672129932791
51.98006899445318
64.0530830132775
52.2251229849644
51.44849297357723
64.11993899382651
52.03620399697684
52.79357297695242
65.05858100717887
51.994958019349724
52.558573021087795
65.06999599514529
52.56777300382964
51.81907402584329
64.78888198034838
52.20573200494982
51.969758002087474
64.56000902107917
52.173770003719255
51.73300197930075
65.01812901115045
52.09233000641689
55.198592017404735
64.1601620009169
51.647259009769186
52.107652998529375
65.06786899990402
52.10146601893939
52.16153498622589
64.9147130025085
52.41574201500043
51.83484801091254
64.13378199795261
51.77618601010181
51.75657299696468
63.92417100141756
51.57394701382145
51.71034499653615
64.16680998518132
51.869610004359856
52.07098097889684
64.87374499556608
52.71015901234932
52.01400999794714
65.28411799808964
51.70948899467476
51.743340998655185
64.93679797858931
52.0498659752775
51.78813700331375
65.05808100337163
52.22875700565055
52.08271197625436
65.07243300438859
51.950100023532286
52.0487169851549
68.10105597833171
55.29442700208165
52.553040004568174
67.08689199876972
52.49493301380426
51.65709901484661
64.93028599652462
52.0799049991183
51.20457199518569
64.99292998341843
52.058855013456196
51.958586991531774
65.10407599853352
51.77023899159394
52.11581499315798
64.89430399960838
52.103709982475266
51.80019300314598
65.83861101535149
52.140796004096046
34.37055298127234
65.0668510061223
54.45001300540753
52.394802012713626
68.69062801706605
53.50036500021815
52.16935300268233
65.03394100582227
51.590287999715656
51.68776400387287
65.29167501139455
51.99041200103238
51.856928010238335
64.86325999139808
52.98974699690007
51.67565500596538
66.61062798229977
52.070110978093
51.746283017564565
64.70469900523312
51.6736870049499
51.77303499658592
65.06246599019505
52.19409798155539
52.03825302305631
66.59484401461668
53.945963009027764
51.87919698073529
66.81232500704937
51.78765798336826
51.580044004367664
65.38554601138458
52.16825599200092
51.67186399921775
64.98512497637421
51.886175002437085
51.89328599954024
64.77760299458168
51.81158398045227
51.83135601691902
64.24779602093622
51.95163801545277
51.99075801647268
64.73090697545558
52.31807901873253
51.84126499807462
67.51877200440504
51.75804899772629
52.678726002341136
65.22371299797669
51.993048982694745
52.324487012811005
64.9823360145092
52.415058977203444
51.894873002311215
65.69899100577459
51.938012009486556
52.202828985173255
65.04529001540504
53.17458798526786
55.300995998550206
65.64404899836518
51.746721990639344
52.856365975458175
66.41650301753543
51.63192801410332
51.89359400537796
64.33255400042981
52.38407198339701
52.33957301243208
65.20866800565273
52.09384299814701
53.337715013185516
66.29533600062132
51.54134699841961
51.57610998139717
65.2662770007737
51.8457540019881
51.958269003080204
64.48733498109505
51.88964799162932
51.90362600842491
64.06930499360897
51.57439599861391
51.93993399734609
64.90964800468646
51.939548982772976
51.98449600720778
64.97900298563763
51.55822800588794
52.014779997989535
64.8054720077198
51.69512200518511
51.631049980642274
64.82938799308613
51.930532994447276
52.30578800546937
64.8710539971944
53.061560000060126
52.039058005902916
63.741967984242365
52.005144010763615
52.05482000019401
66.49061999632977
54.475360026117414
54.446980997454375
64.8870549921412
55.517652013804764
53.3796290110331
64.56527800764889
52.05333701451309
51.708260987652466
64.7799780126661
52.02198898768984
51.81387098855339
64.25680001848377
52.13683200418018
51.956698996946216
65.05722401198
52.450371003942564
52.49148697475903
65.10217700270005
54.01788401650265
52.35339098726399
68.0792220227886
54.456914018373936
53.6000810097903
64.102645003004
51.71229600091465
51.9510900194291
65.57223401614465
51.54720100108534
51.60876899026334
64.09434499801137
51.680349977687
53.21116399136372
65.68355299532413
52.34211898641661
52.05417700926773
64.22040198231116
51.743874995736405
52.50355397583917
64.19408999499865
51.74714300665073
52.484343003015965
64.79639597819187
53.89705899870023
53.79583398462273
64.80067098164
51.99708300642669
51.64057802176103
65.38987302337773
53.880196006502956
51.976560993352905
65.00636498094536
52.13381798239425
51.674438000191
64.01903700316325
51.670582994120196
51.80764402030036
64.18447400210425
51.8620969960466
51.83596498682164
64.20243901084177
51.688887004274875
51.58922102418728
64.24995700945146
51.902129023801535
52.1769679908175
64.83168600243516
51.52661300962791
51.64059399976395
63.979600003222004
51.767494005616754
51.71981200692244
64.13285198505037
51.60991498269141
51.91468499833718
63.98341100430116
51.48438600008376
51.6502239916008
64.26789599936455
51.839004998328164
51.7202930059284
64.1565800178796
51.59214898594655
52.35614502453245
68.5634950059466
52.98305599717423
51.973992987768725
64.81205701129511
51.47548299282789
51.964957994641736
65.10246099787764
51.46673301351257
51.66290799388662
64.8115579970181
51.91324700717814
52.13977102539502
65.1203969900962
51.89942198921926
52.03828398953192
64.95017700945027
52.26346800918691
52.88356100209057
67.58150001405738
51.934072020230815
53.25045099016279
64.48301201453432
51.94874497829005
51.88178099342622
64.54829199356027
52.76870497618802
53.509482997469604
64.24695401801728
51.9646989996545
51.87299201497808
65.17429801169783
51.89910900662653
51.53187800897285
64.49447097838856
52.25743300979957
51.86691400012933
64.14633899112232
51.55861598905176
51.8496049917303
64.60616900585592
51.93702699034475
51.93404600140639
55.270290991757065
51.541190972784534
53.37584199151024
65.07872100337408
51.531195000279695
51.53849598718807
64.37886899220757
52.120113017736
51.95637798169628
64.9100270238705
51.99046200141311
51.83295797905885
64.84659801935777
52.02038199058734
53.504170005908236
65.1328329986427
51.88498701318167
51.476455002557486
64.70420700497925
52.374237013282254
52.22578000393696
64.97633500839584
52.299898001365364
51.60969099961221
64.37024101614952
52.19677899731323
53.22994600282982
67.98396000522189
52.37675100215711
51.65075298282318
64.96355298440903
55.32409797888249
52.14209700352512
65.16429397743195
55.148045998066664
52.24406300112605
65.05126701085828
51.68769400916062
52.105783979641274
65.6896700093057
52.04788199625909
51.672249974217266
70.63774598645978
52.51039401628077
52.00110300211236
65.24502800311893
52.155278011923656
52.090951008722186
65.8255860034842
51.99762599659152
52.116000006208196
65.11495800805278
52.315840002847835
52.33945598592982
64.33599899173714
51.86811200110242
51.945546991191804
65.46802000957541
52.03163297846913
51.605947985081
75.61329900636338
51.869992981664836
51.95727798854932
67.09834898356348
51.57090400462039
51.81453100522049
65.68058099946938
52.30922601185739
52.42839999846183
65.03386597614735
54.73114299820736
51.69939500046894
64.50270698405802
51.87558400211856
51.86490199412219
64.76856701192446
51.45644300500862
51.630583009682596
64.23748898669146
53.727688995422795
51.71869701007381
67.9635000124108
54.93808598839678
53.60798299079761
64.71741900895722
53.32978299702518
52.164788998197764
65.34911101334728
52.09818499861285
51.669817010406405
66.50922901462764
52.25168901961297
52.47090998454951
65.17440799507312
51.852291013346985
52.80507099814713
69.9275380175095
53.89659301727079
52.04749500262551
67.49833800131455
52.31046900735237
55.667447013547644
67.19327400787733
51.61225498886779
51.517462998162955
68.4565770206973
51.87350098276511
52.133596007479355
64.27250898559578
51.59587401431054
51.589420007076114
64.18419099645689
51.953070011222735
51.64059097296558
65.23074102005921
51.83522100560367
51.594428019598126
65.34796798950993
51.96816299576312
52.26299600326456
64.76355399354361
51.56955699203536
51.798778004013
64.28162899101153
51.93339800462127
51.836113998433575
64.93089802097529
52.13656500563957
51.91492900485173
64.22684402787127
52.2224550077226
51.57443499774672
66.90082000568509
52.90851599420421
51.72703100834042
65.13098700088449
52.317980997031555
54.04020598507486
54.88362201140262
51.9713590038009
51.9046800036449
65.51194700296037
51.800663000904024
51.59637602628209
67.21375198685564
52.47896499349736
51.66135498438962
66.36663898825645
51.87313101487234
51.84752098284662
66.79317899397574
52.55479202605784
52.750575996469706
67.38486301037483
57.95612101792358
52.96756001189351
65.79441999201663
52.97831798088737
52.52687699976377
66.67281099362299
51.82290598168038
51.383772981353104
64.99581300886348
51.45297001581639
51.12430400913581
64.56505399546586
51.02663999423385
51.33696101256646
63.1132330163382
51.08299499261193
51.34013399947435
63.60517299617641
51.10454699024558
51.39800801407546
64.22725701122545
51.43005898571573
51.7125980113633
64.1571979795117
51.53559797327034
53.683756006648764
65.92932698549703
51.59381398698315
51.962093013571575
64.69346201629378
51.45328599610366
52.0002479897812
65.66796998959035
52.29067002073862
52.13830899447203
64.77892701514065
52.69257698091678
52.123792993370444
66.9014829909429
51.936460979050025
51.65940898586996
64.62885899236426
51.83963998570107
51.78012599935755
64.9332860193681
51.90679299994372
51.5561810170766
64.88805098342709
52.45930200908333
51.23828299110755
64.5289120147936
52.6971590006724
51.859171013347805
68.74535098904744
52.64660902321339
54.71962099545635
64.4327160262037
51.53551200055517
52.41352898883633
65.23093100986443
51.89706099918112
53.19985598907806
67.06865099840797
53.09018399566412
52.478211000561714
66.6860020137392
58.834105002461
51.86009098542854
65.31100097345188
51.6064619878307
52.713293000124395
64.61219600168988
51.838066981872544
52.058191009564325
64.06336202053353
51.5782359871082
51.50175598100759
64.6069280046504
51.85211601201445
51.435492001473904
64.86618000781164
58.260038000298664
51.722712989430875
67.27429601596668
51.361424004426226
52.386889001354575
66.8062720214948
54.77371800225228
55.90431398013607
73.60899698687717
54.10398801905103
52.669377997517586
65.98487999872304
53.13243198907003
51.94911398575641
68.86999800917692
52.17981699388474
51.51846900116652
65.16477797413245
51.87818798003718
51.54261298594065
67.17884799581952
52.701430016895756
55.342097009997815
67.79077599640004
52.6224130007904
51.68225898523815
65.11098000919446
53.06190499686636
52.581052004825324
64.58245101384819
52.46784200426191
52.09111099247821
64.87528700381517
52.071994985453784
51.88563698902726
64.17980600963347
52.02458900748752
51.56314899795689
66.09476398443803
52.427471993723884
51.93395400419831
68.30428799730726
52.10428801365197
52.63051899964921
65.73210400529206
53.855730016948655
51.15782000939362
65.04076300188899
51.76399298943579
51.50436999974772
65.86009601596743
52.24972398718819
52.221906022168696
68.00780101912096
52.05151400878094
51.36696697445586
64.34513197746128
51.60031100967899
52.62272898107767
69.1807120165322
51.97021600906737
51.599669008282945
64.89231699379161
51.556509017245844
51.795716979540884
64.91368199931458
51.45076400367543
50.85306099499576
65.12302500777878
52.273640991188586
52.440736995777115
64.85832700855099
51.51667998870835
51.69033299898729
66.78619599551894
52.08752298494801
54.945198993664235
69.07739499001764
52.38073502550833
55.011385993566364
65.06053201155737
51.52501299744472
51.82260097353719
65.23088100948371
51.94208200555295
51.410206011496484
67.81638402026147
52.46040099882521
51.615239994134754
65.63950597774237
51.477666973369196
51.60594198969193
64.91683897911571
51.75617602071725
51.730771985603496
64.90168900927529
51.73639699933119
51.87284300336614
65.5610490066465
51.694056019186974
52.2054580214899
64.73063500015996
51.81918997550383
51.580742991063744
66.75821001408622
52.011880005011335
51.48076798650436
64.29275701520965
51.50947501533665
51.50919800507836
65.28478799737059
51.98503701831214
51.60700000124052
65.15641999430954
51.89288200926967
51.13585200160742
65.18218998098746
51.43493600189686
53.433690016390756
64.93234800291248
52.10864302353002
52.78790200827643
64.92253200849518
51.44724698038772
51.311297982465476
65.18333702115342
51.532834011595696
51.48278098204173
59.87905798247084
51.38049501692876
51.32281000260264
64.2528279859107
52.07868799334392
51.78790900390595
64.95796598028392
52.539790980517864
51.37657397426665
67.72062100935727
51.52397698839195
51.51526597910561
64.57460200181231
52.908556011971086
51.42149998573586
65.16261599608697
51.4710409916006
51.748102996498346
65.17909799003974
51.58982201828621
52.00936598703265
66.22856101603247
51.50935600977391
51.33543201372959
64.37824599561282
51.53182600042783
51.733577012782916
67.41955000325106
52.015737019246444
51.83668801328167
66.22829800471663
51.732349005760625
51.77954601822421
65.49226597417146
51.68427200987935
51.42640398116782
66.72844899003394
51.85465299291536
51.29848499200307
64.96307498309761
51.690595981199294
51.524495997000486
65.46655501006171
52.37238100380637
53.23954101186246
67.13794299867004
51.7204650095664
51.91589999594726
65.67761997575872
51.89172801328823
51.75433901604265
64.97958197724074
51.8308509781491
54.910811013542116
65.91291600489058
51.68944600154646
51.678268995601684
65.46202799654566
51.68074299581349
51.22317498899065
65.03254102426581
51.65021799621172
51.80051000206731
65.03484098357148
51.42201599664986
51.74960198928602
64.89948200760409
54.60393300745636
51.67986999731511
64.58448400371708
51.350308989640325
51.253776997327805
66.85289499000646
51.92155801341869
51.45773198455572
65.1161829882767
51.85140098910779
51.98721002670936
65.94795497949235
51.85439402703196
51.26596899935976
64.70179001917131
51.399532007053494
51.67789899860509
65.24487299611792
52.723282016813755
53.09082000167109
65.37501301500015
53.38187099550851
51.337053009774536
64.5953310013283
51.371572975767776
51.69409199152142
65.62093200045638
51.95255999569781
51.30639497656375
65.91647199820727
51.897990982979536
52.48163701617159
64.81458101188764
51.28044498269446
51.553797005908564
65.02127999556251
51.61699600284919
51.22542098979466
64.65442100306973
51.289355993503705
51.257931016152725
65.05873400601558
51.564089983003214
53.099518991075456
65.5619930184912
51.7249460099265
52.58682600106113
64.77008099318482
51.27257001004182
51.38338200049475
64.82331198640168
51.26417599967681
51.27334201824851
65.15468200086616
51.677887997357175
51.81291000917554
64.38930900185369
51.891345996409655
51.67276397696696
65.55542300338857
51.70036701019853
51.59486198681407
64.78235599934123
51.69285798911005
51.547327981097624
64.62059199111536
51.255409023724496
51.54582698014565
65.47458199202083
51.2868799851276
51.38243900728412
64.36668301466852
51.457081019179896
51.59474798711017
64.56297801923938
51.3812729914207
51.6296410060022
65.62291498994455
51.67341299238615
51.588030997663736
65.45606200234033
51.74478798289783
52.610337996156886
65.10849299957044
52.96979000559077
52.13774199364707
65.573829022469
51.51179200038314
51.711698004510254
65.73511697934009
51.85941100353375
51.22912899241783
65.75386898475699
51.803053996991366
51.86341601074673
65.27688901405782
54.78572298306972
51.648288004798815
65.70404299418442
51.43570399377495
51.83457300881855
65.51607200526632
51.76294798729941
51.69994299649261
65.69820697768591
51.77201598417014
51.975018985103816
66.0822729987558
52.65576101373881
52.21003998303786
70.95546199707314
52.12757899425924
52.35877298400737
66.91721201059408
51.65550400852226
51.460968010360375
64.78053799946792
52.0040940027684
55.13321599573828
73.44596699113026
51.99616399477236
57.13635598658584
68.98803100921214
52.14087100466713
51.971534005133435
64.77767101023346
51.46365400287323
53.037403005873784
69.33039697469212
51.882278989069164
52.44059901451692
64.8160349810496
52.93433801853098
52.460844977758825
67.38290601060726
51.600159000372514
51.4334789768327
67.40443297894672
51.57636001240462
52.55558199132793
68.25132798985578
51.780082983896136
52.984300011303276
70.17512401216663
51.8099790206179
52.062844013562426
66.09663798008114
56.292823021067306
51.70986597659066
64.87124497652985
51.59185899537988
52.88036400452256
65.80824800767004
52.07877801149152
52.79843200696632
66.38328300323337
52.106095012277365
51.87512098927982
66.13493300392292
51.618833997054026
51.4904769952409
75.03378897672519
51.96015298133716
53.625230997567996
67.35837299493141
51.31714200251736
54.23398199491203
95.79603199381381
52.07468700245954
51.98377001215704
65.3823520115111
52.489385998342186
53.48746699746698
64.80119901243597
51.94068301352672
53.00133099080995
64.67434699879959
52.35570902004838
53.38228301843628
64.81886201072484
34.89263201481663
52.888949983753264
68.27625702135265
52.531898021698
55.030952993547544
68.7193890044
52.370024990523234
57.56629598909058
65.0297980173491
51.821457978803664
52.79390802024864
70.90381099260412
52.60859301779419
